====================== HTK Results Analysis =======================
  Date: Fri Oct 16 01:43:28 2020
  Ref : phones0.mlf
  Rec : recout.mlf
------------------------ Overall Results --------------------------
SENT: %Correct=0.00 [H=0, S=1680, N=1680]
WORD: %Corr=46.29, Acc=29.56 [H=26818, D=6167, S=24951, I=9693, N=57936]
------------------------ Confusion Matrix -------------------------
       a   b   r   i   v   e   t   a   d   m   n   a   z   i   l   a   s   e   j   a   p   s   u   k   e   n   y   c   w   h   u   f   o   g   d   t   o   s 
       h           y       y       e               y       h       a   h   r   h   w           w       h   g       h       h   h       w       h   h   y   i 
                                                                                                                                                           l  Del [ %c / %e]
  ah 1392 12   7  46  26  29  10  60  16  33  16  34   9  134 19  69   1  58   8  46  23   5  27  13  10  28  28   9  34  20  233  1  119 16  14  19  44   0  288 [52.2/2.2]
   b  23  412  1   3  12   7   3   6  119  7  13   6   7  12   1  16   0   5   2   7  69   1   3  18   3   6   0   3  15   1  12   0   5  35  42   5   0   0  112 [46.8/0.8]
   r  225  0  680 13  52  25  12  30  24  54  16  67  16  102 31  16   3  753 18  36  36   7  67  51   2  29  37  82  49  75  71  20  45  41  65  49  63   0  497 [23.0/3.9]
  iy  122  2   4 1327 15  204  9  14  11  10  12  14  15  191  4   2   6  60   5   0  13   5  123 17  10  88  97  25  13   4   8   4  29  15  11  10  55   0  110 [52.0/2.1]
   v  31  16   5   3  372  2   3   7  16  10   8   2   3   8   4   4   1   3   6   4   9   4   5   3   2  10   0   3  16   5  16  16   8   7  10  21   2   0   93 [57.7/0.5]
  ey  65   0   3  24   5  399  6   8   3   4   1   7   1  41   4   1   1   6   2   1   5   4   8   0  43  22   3   6   2   3   5   2   7   3   3   2  18   0   45 [55.6/0.6]
   t  167  7   8  31  112 32  413 37  165 34  58  51  48  72  19  28   6  38  89  40  237 15  34  154 27  59  16  111 41  73  46  30  49  173 131 108 53   0  730 [14.7/4.1]
  ae  202  1   3   0  17  58   6 1107 13  11  10  62   6  69   8  10   0  50   4  49  21   1  15  15  126 32  44  23  13   9  59   2  13  18  23  13  23   0  228 [51.8/1.8]
   d  64  15   2  19  52  14  28  21  835 32  27  11   7  29   3   5   2  16  49  21  54   2  21  30  18  59  17  20  17  11  24   7  18  184 112 18  12   0  328 [44.5/1.8]
   m  50  14   3  11  30  14   8  15  15  446 342 11   9   9   9  35   0  19   3  12   4   2  26  10   9  79   2   4  36  12  11   1   5  35  58   9   4   0  228 [32.7/1.6]
   n  107 17   8  24  63  31  17  35  25  1821293 23  16  38  23  30   3  18  19  14  26  16  46  20  18  390 10  16  46  11  24   5  49  80  31  45  16   0  362 [45.6/2.7]
  ay  33   2   1   3   4   2   7   8   1   7   2  507  3   3   0  38   0  11   1  35   6   2   1   4   4   2   0   1   3   2  62   3   8  22   3   3  57   0   40 [59.6/0.6]
   z  35   1   1   0  35   4  12   0   1   1   3   0  805  9   1   1  40   1  20   2  13  252  7   5   1  15   4  15   3   4   7   3   3   5  24  37   0   0   67 [58.8/1.0]
  ih  568  3   7  135 51  101 10  86  23  36  25  25  21 1030 11   6   5  99  11  13  33   9  112 12  56  54  32  16  16   9  146  7  59  47  41  29  59   0  432 [34.3/3.4]
   l  94   5  19  38  24  28   4  11   7  24  48  64  10  13  995 99   3  12   1  42  13   7  34  13   3  23   8   2  263 11  49   6  139 28  29  19  271  0  299 [40.5/2.5]
  aa  95   5   8   4  20   1   6  13   7  13  10  47   6  10  75 1085  1  85   4  117  5   8  15  10   3   2   2   5  133 21  40   3  78  20  13  17  56   0  474 [53.1/1.7]
  sh   9   0   1   0   2   1   0   4   2   1   2   0  14   2   0   1  589  1   2   0   3  51   3   0   1   0   6  81   2   1   1   3   1   1   5   3   1   0   42 [74.2/0.4]
  er  117  2  52   2  15   6   2  14  10   9   9   4   1  33   4   7   8  848  1   7   9   4  13  11   5   7   2   4   8   7  21   2  23   8   6   5  11   0   68 [65.4/0.8]
  jh   1   0   1   0   3   0   2   2   5   0   2   0   6   3   0   0  18   5  154  1   1   0   4   0   0   2   9  22   0   0   4   0   2   4   1   3   0   0   18 [60.4/0.2]
  aw   8   0   0   0   2   0   0  19   2   3   2   4   1   0   5   9   0   4   1  120  2   0   1   0   0   0   0   0   1   1  10   1   7   1   2   1   4   0   24 [56.9/0.2]
   p  19  14   2   1  11   2  16   6  14   2   1   2   0   5   4   2   1   1   4   1  719  4   7  36   2   4   1   3  20  34   8   0   0  23  33  26   1   0   61 [69.9/0.5]
   s  52   3   0   5   9   1   9   7   5   2  11   6  237 13   2   7  53   5  23   4  11 1753 10  19   3   7   4  63  10   2  10  25   4  12  32  50   2   0  167 [70.9/1.2]
  uw  77   2   5  36  14  35   1   8  19   8   7   1  11  168  8   3   0  15  12   2  13   5  337  9   9  11   4  25  20   3   5   2  29  16  10   8   5   0  131 [35.7/1.0]
   k  51   2   1   4  32  11  60   3  20   4  10   9  55  16   3   6   4  12  35   3  117  1   6 1067  4  11  36  44  18  53  21  12   5  163 45  30   5   0  131 [53.9/1.6]
  eh  188  5   3   5  20  15   0  137  7   4   5  18   7  48   2  11   1  32   5  40   4   1  14   8  93  16  12   8  12   8  73   4  51  12  32   2  21   0  173 [10.1/1.4]
  ng   2   0   0   2   5   1   1   1   2  15  15   1   0   0   1   1   2   1   0   1   1   0   5   1   0  279  1   0   2   0   4   1   0   7   1   3   2   0   26 [77.9/0.1]
   y   7   0   0  96   7  21   0  17   7   3  11   2   3  14   0   0   2  11   4   5   2   0   9   1   5   9  382  8   5   0   1   0   4   8   2   2  37   0  102 [55.8/0.5]
  ch   1   0   0   0   2   1   0   2   2   1   0   0   3   0   0   0  16   0  21   1   3   6   2   2   2   0   1  191  1   1   1   0   1   2   2   1   0   0    5 [71.8/0.1]
   w  14   5  12   1   5   1   0   1   3   2   5   2   1   1   5   1   1   1   3   1   4   1   8   1   1   7   5   0 1016  7   1   2   9   5  11   1  29   0   52 [86.6/0.3]
  hh  12   2   1  20  20   6   5  10   5   5  12   4  11   9   4   1   3   9  20   4  12   4  20   4   3   8  37  16   1  298  0   5   7  14  16  14   4   0  236 [47.6/0.6]
  uh  28   0   1   5   3   2   1   7   3   3   3   2   0  21   4   2   2  15  16   0   1   0  10   1   2   1   2   8  11   0  110  2  16   3   1   2   4   0  207 [37.7/0.3]
   f   8   1   0   1  29   1   2   1   0   0   2   3   6   1   1   2   6   1   3   4   9   4   0   4   0   1   1   6   9   1   0  655  6   0  15  80   1   0   56 [75.8/0.4]
  ow  43   3   0   1   8   3   2   6   1  11   4   8   4   4  51  36   0  13   0  35   9   1  12   3   2   5   2   2  28   4  42   0  349  3  10   2  11   0   78 [48.6/0.6]
   g  12   4   3   6  13   4   3   3  31   4   4   5   1   3   2   1   0  10   5   7   6   0  13  45   6  25  26   1   6   9  15   0   6  566 11   0   3   0   45 [65.9/0.5]
  dh  26  19   3  19  40   5   1   7  85  17  40   3   7  20   1   6   0   3   2   6  43   3  13  16   1  10   2   4   3   8   8  15   7  14  518 40   5   0  193 [50.8/0.9]
  th  11   2   1   1   5   2   1   1   4   0   0   0   4   4   0   1   2   2   2   1   6   4   2   1   0   2   1   3   0   0   1   7   2   4  17  90   0   0   14 [48.9/0.2]
  oy   2   0   0   0   0   0   0   1   0   0   0   6   0   0   2  11   0   2   0   2   0   0   0   1   0   1   0   1   5   0   1   0  26   0   0   0  226  0    5 [78.7/0.1]
 sil   0   0   0   0   0   0   0   0   0   0   0   0   0   0   0   0   0   0   0   0   0   0   0   0   0   0   0   0   0   0   0   0   0   0   0   0   0 3360   0
Ins  760  52  69 184 368 163 187 192 190 248 176 221 129 436 189 214  65 196 134 259 468 130 240 258 135 301 226 209 462 356 398  95 324 316 638 347 358   0
===================================================================
