====================== HTK Results Analysis =======================
  Date: Fri Oct 16 02:05:56 2020
  Ref : phones0.mlf
  Rec : recout.mlf
------------------------ Overall Results --------------------------
SENT: %Correct=0.00 [H=0, S=1680, N=1680]
WORD: %Corr=35.25, Acc=5.69 [H=20425, D=5299, S=32212, I=17131, N=57936]
------------------------ Confusion Matrix -------------------------
       a   b   r   i   v   e   t   a   d   m   n   a   z   i   l   a   s   e   j   a   p   s   u   k   e   n   y   c   w   h   u   f   o   g   d   t   o   s 
       h           y       y       e               y       h       a   h   r   h   w           w       h   g       h       h   h       w       h   h   y   i 
                                                                                                                                                           l  Del [ %c / %e]
  ah  572 126 10  40  56  20   4  17  54  218 36  35  40  41  68  71   6  135 17  47  66   8  75  21  78  107 27  23  79  48  143 19  98  44  41  65  47   0  354 [22.0/3.5]
   b   3  313  2   9  32   8   1   4  52  52  39   1   9   3   8  19   1  25   5   9  24   2  18  13   8  15   3   4  30  54  10  21  13  26  39  13   9   0   95 [34.9/1.0]
   r  35  137 469 27  70  30   3  13  56  269 103 58  36  38  93  17   9  459 20  49  44  14  74  37  29  97  27  61  119 127 48  47  52  44  75  62  118  0  393 [15.3/4.5]
  iy  27  20   4 1078 33  77   6   6  32  159 39   5  19  54  29   4   4  104 13  11  26  12  170 11  26  138 55  19  55  40  32  18  35  25  39  39  20   0  180 [43.4/2.4]
   v   8  50   5   4  147  3   1   3  22  62  31   4  11   8  17   5   2  18   2  12  14   2   7   6   9  29   5   6  27  14  20  20  15   9  33  26   7   0   74 [22.1/0.9]
  ey   5  10   0  30  12  332  1   6  10  39   6  13   6  15   9   2   2  22   8   1  13   1  25   7  27  29   3   5  13   4   8   3   8   7   7   8   9   0   57 [47.0/0.6]
   t  61  182 12  50  86  29  203 16  167 306 100 29  122 42  72  24  23  136 103 52  74  12  96  55  74  144 29  112 92  82  68  47  47  78  66  93  38   0  520 [ 6.7/4.9]
  ae  57  76   4  13  31  74   3  522 24  117 30  68  36  36  39  21   9  134 19  46  30   4  65  14  206 74  57  23  56  29  35  14  28  20  28  48  25   0  249 [24.7/2.7]
   d  14  80   6  16  39  11  10  12  739 148 51  13  15  18  33  12   7  62  38  22  44   2  51  35  40  105 30  15  47  26  22  15  44  64  65  42  12   0  199 [36.9/2.2]
   m  10  57   2   9  25  17   0   7  37  768 90   9  10  11  11   8   1  29   2   8  17   2  26   6  11  33   7   6  35  45  13  15  22  41  47  16  10   0  127 [52.5/1.2]
   n  43  83   7  28  79  23   6  14  78  316 939 18  48  34  79  25  10  116 13  21  63  20  91  36  38  164 27  39  91  69  33  27  51  54  48  50  19   0  297 [32.4/3.4]
  ay  15  23   4   6   9   6   0   2   3  38   8  409  5   5   5  47   3  30   2  21  12   2  14   1   9  18   2   5  16  13  11   7  14   3   5  10  30   0   78 [50.3/0.7]
   z  17   9   4   8  31   4   4   2  13  80   5   4  701  8  18   5   6  27  16   5  30  41  31   5   3  42   7  51  24  18  15  15  14  25  15  46   8   0   80 [51.7/1.1]
  ih  188 58   8  112 80  92   3   6  78  260 32  21  67  468 74  16  13  173 18  16  73  25  169 15  116 142 33  54  73  48  123 33  57  54  63  66  45   0  463 [15.7/4.3]
   l  26  97   8  26  37  34   1   5  40  129 70  33  18  12  842 48   7  94   5  47  30   7  93  11  21  71  23  11  145 77  61  29  111 28  55  38  118  0  250 [33.6/2.9]
  aa  19  51   7  16  30   8   1  13  10  93  26  42  19  10  45 1125  4  76   6  80  29   5  30  16   9  20  10  17  87  53  29  10  60  19  28  32  139  0  243 [49.5/2.0]
  sh   9   4   1   2   9   4   1   3   8  29  11   8  14   5   7   1  397  8  18   0  16  27  10   3   4  19   3  94   9   9   8   8   5  16   6  11   8   0   41 [49.9/0.7]
  er  15  16  28   6  11   7   0   3  23  49   9  10   7   9  22   5   5  804  8  12  10   4  20   4  10  22   5  14  23  20  16   6  16   8  16  14  21   0   87 [62.9/0.8]
  jh   0   6   0   2   4   0   1   1   8  13   1   0   8   0   2   2   4   4  88   1   7   2   6   1   1  16   0  25   5   7   3   2   4   8   6  10   0   0   25 [35.5/0.3]
  aw   1   7   0   2   8   0   0   6   3  18   0   3   3   1   2  15   1   7   0  103  1   0   3   1   1   1   1   0   6   2   1   0   7   1   3   2   0   0   25 [49.0/0.2]
   p  18  42   4   7  25   8   6   3  58  54  34  11   7   7  17   8   6  29   7   7  244  3  21  27  13  26   7   8  34  70  20  32  14  25  39  22   6   0  121 [25.2/1.3]
   s  47  24   6  10  33  13   0   3  63  82  21   7  247 21  34  13  28  27  34  17  18 1208 52   9  25  53  17  114 35  17  25  16  14  36  27  59  12   0  171 [49.0/2.2]
  uw  13   3   0  23  15   6   2   2  23  60  16   1  16  29  24   1   6  31   4   0  16   3  501  2  10  61   6  16  23  12  12   7   6  18  13  17   4   0   72 [50.0/0.9]
   k  35  92   2  21  54  17   7   6  145 141 48  16  73  19  30  11   9  74  57  15  43   3  46  431 27  97  32  36  45  61  24  36  21  54  46  31  16   0  189 [22.4/2.6]
  eh  28  25   2   8  17  25   1  19  14  52  10  23  20  17   9   6   2  48   7  21   7   1  20  11  385 23  13  14  20  17  34  11  28   4  12  19  10   0  114 [39.2/1.0]
  ng   3  14   0   2   8   0   0   0   3  42  10   0   3   0   5   0   0  11   0   1   5   2   6   1   1  183  2   2  11   6   6   3   9   6   9   8   1   0   21 [50.4/0.3]
   y   7  12   1  19   8  14   2   4   6  41  10   5   6   8   8   1   6  36  14   2   9   3  26   1   7  24  327 16  18  11   3   9  11  10  17  10  11   0   64 [45.2/0.7]
  ch   1   4   0   1   3   2   2   2   2   9   1   1   2   3   0   1   9   2  15   3   0   3   3   0   1  13   1  157  2   6   3   2   1   2   0   2   1   0   11 [60.4/0.2]
   w   4  15   3   6   8   2   0   5  11  57  21   5  10   2  18   3   1  26   4  10  10   0  11   4   3  17   5   4  723 52  11  10  11  14  17   9  40   0   73 [62.8/0.7]
  hh   1  20   7   8  13  16   0   3   4  59  42   7   6   7  14   7   6  16   6   7   7   1  26  16  24  16  32   9  21  217  7  13  19   8  29  17   4   0  147 [30.3/0.9]
  uh  16   3   0   8   5   5   0   2   3  33   8   5   4  27   7   3   1  62   6   3   4   1  18   2  10  12   1   9  14   8  96   1  13  11   7   3   8   0   80 [22.9/0.6]
   f   8  27   5   5  28   6   2   1  10  33  16   0  25   7  11   3   5  18   5  11  15   3  12   8   7  11   5  15  32  33   7  408  8   4  18  51   2   0   55 [47.2/0.8]
  ow   6  14   1   4  10   5   0   6  12  34   4   9   4   0  25  21   2  14   1  31   5   5   7   4   9  12   5   3  19  15  29   9  360  7  13  13  16   0   62 [49.0/0.6]
   g   7  43   2   4  25   6   2   4  25  92  25   6  11   5  13   5   2  47   8   9  15   0  24  35   8  45  22   2  37  28  13  10  21  145 29   9  12   0  108 [18.2/1.1]
  dh  13  25   4   8  32   9   4   6  60  73  58   4  13   5  19   3   1  36   4  11  29   2  28  10  16  15   8   1  25  32  32  35  19  15  375 36   4   0  143 [35.0/1.2]
  th   4   4   0   0   5   0   1   1   8   9   1   1  14   1   1   1   0   3   2   1   7   3   2   1   6   3   2   0   4   1   8   8   2   0  10  63   2   0   19 [35.2/0.2]
  oy   3   4   1   0   1   1   0   0   1   4   0   2   0   0   2   1   0   6   0   0   3   0   3   0   1   0   1   1   2   5   3   0   4   3   4   1  223  0   12 [79.6/0.1]
 sil   0   0   0   0   0   0   0   0   0   0   0   0   0   0   0   0   0   0   0   0   0   0   0   0   0   0   0   0   0   0   0   0   0   0   0   0   0 3360   0
Ins  371 665  76 277 616 270  28 125 4932135 528 220 351 245 583 233  871004 150 328 500 129 748 170 4071077 267 289 855 640 511 267 483 402 572 592 437   0
===================================================================
