====================== HTK Results Analysis =======================
  Date: Fri Oct 16 02:20:04 2020
  Ref : phones0.mlf
  Rec : recout.mlf
------------------------ Overall Results --------------------------
SENT: %Correct=0.00 [H=0, S=1680, N=1680]
WORD: %Corr=40.22, Acc=17.44 [H=23301, D=5060, S=29575, I=13197, N=57936]
------------------------ Confusion Matrix -------------------------
       a   b   r   i   v   e   t   a   d   m   n   a   z   i   l   a   s   e   j   a   p   s   u   k   e   n   y   c   w   h   u   f   o   g   d   t   o   s 
       h           y       y       e               y       h       a   h   r   h   w           w       h   g       h       h   h       w       h   h   y   i 
                                                                                                                                                           l  Del [ %c / %e]
  ah 1043 33   3  38  101 26   8  74  32  89  32  39  22  156 30  75   5  67  13  46  83   7  55  36  49  37  20  13  27  46  149 20  85  17  19  46  28   0  287 [39.1/2.8]
   b  10  314  0   4  23   5   1  10  70  20   7   6   5   6   5  17   0   4   2   8  49   1  12  28   2   7   3   4  10  45  33  89   5  40  42  22   3   0   80 [34.4/1.0]
   r  98  73  461 17  172 78   7  32  29  111 43  80  22  94  46  12  14  329 25  47  116 12  99  92  28  84  14  34  50  200 102 65  66  39  75  51  93   0  449 [15.3/4.4]
  iy  50  25   1 1146 117 181  1  10  22  76  43  10  16  98   9   5   4  58   6   2  35   6  202 19  32  124 39  16  23  25  19   8  25  25  21  34  18   0  113 [44.9/2.4]
   v  14  28   3   6  239  5   0   9  37  30   7   2   5  14   5  10   0   5   5  11  38   5   6  10   5  16   2   2   5  22  18  19  12  19  18  15   2   0   89 [36.8/0.7]
  ey  18   4   3  23  12  421  3   1   7  10   3  15   2  44   4   1   0  12   5   3  19   3  20   1  16  33   1   3   2   4   2   8   4   3   7   6   6   0   34 [57.8/0.5]
   t  65  92  10  36  156 35  314 35  187 166 33  33  110 74  45  46  19  54  108 34  209 13  43  157 56  66  31  94  26  197 57  97  34  91  78  108 42   0  491 [10.3/4.7]
  ae  87  22   2   4  42  68   4  892 21  39   9  92   7  62  28  16   2  170 12  28  41  11  30  21  179 44  13   8   8  42  32  21  21  18  22  25  24   0  197 [41.2/2.2]
   d  29  63   4  21  101 11  15  13  645 108 39   9  23  37  13   5   4  19  31  10  115  9  38  125 33  38  19  23   9  45  24  40  22  124 57  34   7   0  242 [32.9/2.3]
   m  21  35  11  13  25  27   1   6  23  793 103  5   8  25   8  12   1   6   3   9  23   0  20  13   8  49   8   2  18  89   6  23   7  21  43  12   0   0  113 [53.7/1.2]
   n  72  70   4  18  123 34   8  49  47  354 753 33  26  38  55  42   5  37  17  45  102  9  37  64  43  198 16  18  39  115 31  47  79  26  48  51  34   0  410 [27.0/3.5]
  ay  24   4   0   1  17   6   0  16   1  12   5  494  1  13  10  43   0  27   1  26  16   1   3   5   1   9   4   0   5  16   4   9   4   4   0   7  52   0   50 [58.7/0.6]
   z  19  24   1   9  34   6   0   3   6  52  18   4  616 10   5   3  11   6  55   6  29  155 21  15   5  10   1  33   2  15  19  20   8   7  15  92   3   0   99 [46.0/1.2]
  ih  293 34   7  113 106 97   4  19  18  114 38  25  20 1009 20   7   8  217 27  14  93  23  144 39  107 48  13  16  20  30  133 22  53   9  34  58  45   0  358 [32.8/3.6]
   l  89  68  36  18  42  50   7  10  13  100 38  44   9  23  778 60   0  43  11  66  50   7  79  27  10  61   4   6  206 89  56  17  122 31  33  28  161  0  266 [31.2/3.0]
  aa  42  59   3   5  41   5   0  38  11  40   7  59   6  16  47 1187  5  32   9  111 30   6  12  31   9  15   0  11  44  85  38  15  70  10   9  15  139  0  255 [52.5/1.9]
  sh  14  25   0   2   9   5   0   2   1  13   6   0  13   4   4   1  449  3  39   1   7  39  15   4   0   2   4  72   2  11   3   9   4   4   4   9   3   0   53 [57.3/0.6]
  er  50  13  23   6  41   7   0  11   8  38   4  10   1  29  14  17   2  675  8  18  22   7  22  23   5  15   0   7  13  31  33   7  53   6   7  17  24   0   98 [53.3/1.0]
  jh   6   5   1   2   7   1   0   3   5   3   5   2   7   2   0   1  15   0  86   3   8   3   9   8   1   4   6  35   0   1  10   5   5   2   2   7   0   0   13 [33.1/0.3]
  aw   2   2   0   0   4   1   0  17   1   6   0   3   2   1   3  16   0   5   0  128  4   0   2   1   2   1   0   0   1   3   1   3   4   0   0   2   1   0   19 [59.3/0.2]
   p  11  33   5   3  14   8   5   5  14  23   4   8   5  13   2   4   1   5   8   8  506  4   5  56   1   7   1   7  10  65  28  65   8  14  21  33   0   0   80 [50.1/0.9]
   s  26  30   1   4  36   6   1  16   9  32  13   7  222 13   3   9  14  10  64  13  22 1579 26  25   6  11   7  82   6  28  31  37   7  12  31  56   6   0  137 [63.1/1.6]
  uw  18  13   0  47  42  19   3   2   7  25  14   2   7  87  10   1   7  21  26   2  22   1  497 11   5  10   3   5   9  19  18   7  11   8   9  12   0   0   74 [49.7/0.9]
   k  37  33   2   2  50  28  21   7  31  47  18   9  16  15   9   9   3  25  33   8  170  5  12  940 20  35   5  19  10  127 26  54   7  53  28  53   8   0  135 [47.6/1.8]
  eh  89   9   4   4  16  15   1  82  12  23   4  38  10  28  16  13   1  45   8  24  21   1  12  18  282 21   3  13   7  21  48  13  29   4  10  10  13   0  129 [29.1/1.2]
  ng   2   2   0   5  17   1   0   2   0  44  14   2   1   2   4   2   0   4   3   3   9   2   4   4   4  205  2   1   1   4   0   5   3   6   4   5   3   0   14 [55.4/0.3]
   y   5  10   1  43   5   6   3   3  10  10  22   3   6  14   2   1   3   8  17   1   5   1  17   8  12   9  427 10   4  10   0   5   3  13  10   4  11   0   65 [59.1/0.5]
  ch   2   3   0   0   5   2   0   2   0   8   2   1   7   1   0   0  10   2  25   0   5   5   2   5   3   0   1  147  1   4   2   4   1   3   3   7   0   0    8 [55.9/0.2]
   w  10  84   6   3   7   2   0   2   4   9   6   3   3   3  16  14   3   6   1   2  13   2  22   6   3   9   4   3  790 57  14  10   3   6   6   4  23   0   66 [68.2/0.6]
  hh   7  48   1   3  16   7   2   2  15  17  14   6   4   7   7   3   1   1   5   2  20   1  29   7  11  13  28   8  10  311  9  41   4  24  32   8   4   0  134 [42.7/0.7]
  uh  19   6   0   3  10   6   1   2   0   8   4   5   2  56   7   3   0  34   8   5   6   0  21  14   6   1   3   6   7   7  107  4  11   3   6   3   4   0  111 [27.6/0.5]
   f  11  43   0   2  18   5   7   2  12  13   5   0   5  10   3   3   5   8   3   6  63   1   5  17   6   5   1   6  15  34  14  429  9   4  26  64   3   0   57 [49.7/0.7]
  ow  15   8   1   1   8   3   1  16   1  18   1   7   2   7  30  15   0  17   6  31  16   6   6   5  10   1   1   0   8  13  15  11  394  3   5   8   3   0  103 [56.9/0.5]
   g  13  60   4   5  24   5   4   6  37  26  13  11   1  10   2   6   2  11   3   5  49   2  12  53   8  22  10   0  12  33  11  24  12  277 34  15   4   0   78 [33.5/0.9]
  dh  15  80   4  13  18   8   3  17  84  49  18   2   5  28  10   3   3  17   3  10  31   3  23   8  18  10   5   3   4  64  46  82  15  38  315 25   6   0  127 [29.0/1.3]
  th   3   2   1   1   4   0   1   4   5   8   1   2   2   1   1   0   0   4   5   1  13   4   3   4   4   3   0   0   1   4  15   8   3   1   8  61   0   0   20 [34.3/0.2]
  oy   2   0   3   0   2   4   0   0   1   3   0   5   0   0   0   3   0   4   1   4   0   0   1   0   1   3   0   1   3   6   1   0   6   0   1   0  231  0    6 [80.8/0.1]
 sil   0   0   0   0   0   0   0   0   0   0   0   0   0   0   0   0   0   0   0   0   0   0   0   0   0   0   0   0   0   0   0   0   0   0   0   0   0 3360   0
Ins  531 586  70 204 808 312  71 206 273 973 348 188 218 528 226 182  66 363 178 232 846 129 372 433 224 468 137 151 288 902 397 414 321 282 429 557 284   0
===================================================================
