====================== HTK Results Analysis =======================
  Date: Sat Oct 17 02:35:14 2020
  Ref : phones0.mlf
  Rec : recout.mlf
------------------------ Overall Results --------------------------
SENT: %Correct=0.00 [H=0, S=1680, N=1680]
WORD: %Corr=44.64, Acc=24.97 [H=25863, D=5622, S=26451, I=11397, N=57936]
------------------------ Confusion Matrix -------------------------
       a   b   r   i   v   e   t   a   d   m   n   a   z   i   l   a   s   e   j   a   p   s   u   k   e   n   y   c   w   h   u   f   o   g   d   t   o   s 
       h           y       y       e               y       h       a   h   r   h   w           w       h   g       h       h   h       w       h   h   y   i 
                                                                                                                                                           l  Del [ %c / %e]
  ah 1673  3   2  30  18  22   6  14  23  48  13  33  16  72  40  80   2  76   6   5  49   4  43  11  46  16  24   7  18  19  94   6  140 12   6  17  26   0  236 [61.5/1.8]
   b  23  390  0   2   6   5   3   3  155 16   6   5  13  11   1   7   4   4   5   8  68   2  12  11   6   3   1   3  33   9  14   1  10  36  17   2   3   0   94 [43.4/0.9]
   r  293 18  611 10  44  28   5   6  37  79  28  53  29  88  42  11  19  725 27  61  69   8  61  66  41  25  42  70  49  97  61  19  42  56  28  27  59   0  425 [20.1/4.2]
  iy  207  4   0 1205 22  169  9  18  32  45  15  11  27  133  3   7   6  75  18   5  30  18  41   9  24  104 103  7   4   6  33   3  44  36  10   8  35   0  138 [47.7/2.3]
   v  40   2   7   5  292  4   2   3  15  13  18   3  11   3   5   4   1   3   4  10  12   3  10   8   7   5   0   1  17  14  10  29  13  14  21  32   1   0   96 [45.5/0.6]
  ey  55   1   0  27   7  416  4  10   6  19   6   7   2  28   4   1   1   5   1   2   6   6   4   1  29  32   2   5   4   1   0   1   5   7   1   4  17   0   36 [57.2/0.5]
   t  175 13   2  16  60  57  332  8  246 143 74  42  145 47  33  39   9  49  108 52  285 16  41  166 59  38  17  90  28  89  76  11  57  151 26  71  36   0  635 [11.4/4.4]
  ae  310 10   2   5  22  67   8  418 23  43  10  147 30  63  17  35   7  71  15  30  40   6  24  15  389 57  49  12  13  15  32   6  30  22  11  10  19   0  281 [20.1/2.9]
   d  75  19   2   8  39  15  34   5 1014 70  39   7  25  24  10   6   4  15  16  10  95   6  24  68  30  28   9  22  13  11  16   5  15  117 30  15   8   0  255 [52.0/1.6]
   m  48   9   1   5  22   9   3   7  23  791 255  8  10   7   9  15   1  11   3  10  14   5  14  11   8  27   2   7  22  14   5   0   5  31  10   4   2   0  162 [55.4/1.1]
   n  143 10   2  11  52  22  21   5  53  4191252 16  43  22  28  35   5  24   8  11  89  21  47  51  34  193  9  15  40  21  26   6  35  44  13  15  17   0  339 [43.8/2.8]
  ay  69   2   1   4   4   4   2   5   1   9   7  509  8   5   5  53   0  16   1  31  10   1   0   2  15   9   2   0   3   4   2   6  10  17   1   2  35   0   36 [59.5/0.6]
   z  40   2   0   3  10   8  14   1   3  12   3   0  814  3   1   2  36   1  20   2  78  216  8   6   5   3   1  11   3   4  11   7   1   3   2  35   0   0   68 [59.5/1.0]
  ih  733  6   2  92  30  112  9  26  42  103 23  21  43  690 19  10   9  105 20   5  39  28  75  27  118 61  44  18  19  14  180 10  61  41  17  30  44   0  509 [23.6/3.9]
   l  143  5   9  20  10  31   0  14  13  38  48  57  25  15 1097 75   2  20   1  28  16   2  65   8  19  18   6   7  203 27  11  12  125 33  16  23  252  0  264 [44.0/2.4]
  aa  152  7   5   2  12   3   3  12  10  19   7  52   9   4  69 1067  4  74   3  194 20   5  17  23   9   4   7  23  128 39   6   1  69  18  10  16  42   0  372 [49.7/1.9]
  sh  23   1   0   0  10   4   5   1   0   3   1   0  12   0   3   0  561  1  32   1   4  39   2   8   6   0   8  52   0   0   9   0   0   3   1   6   1   0   39 [70.4/0.4]
  er  138  3  32   1   6   5   2   4   6   9   7   7   5   6   9  10   6  877  4   8   7   5  14   8  23   5   2   4   6   7   8   0  31   9   2   6   9   0   74 [67.9/0.7]
  jh   7   0   0   0   5   0   5   4   6   6   1   0   9   1   0   0  17   2  99   3   7   2   5   7   3   2   8  47   0   0   9   0   2   3   1   0   1   0   11 [37.8/0.3]
  aw   9   1   0   0   2   1   2  11   4   4   1   2   0   2  10  24   0  10   1  108  5   0   1   2   4   0   0   0   2   1   1   2  10   1   1   0   0   0   13 [48.6/0.2]
   p  18  37   1   0  16   5  14   1  61   4   0   4  13   4   3   5   2   5   4   5  658  1   9  31   8   3   1   3   9  41   9   5   7  15  13   7   3   0   65 [64.2/0.6]
   s  92   2   2   2   9   8  19   4  17   7  13   4  355  5   5   6  58   9  36   6  21 1621  9  12  13   9   6  22   9   6  23  23   4  24   9  25   3   0  140 [64.9/1.5]
  uw  101  1   2  47  11  41   4   1  17  12   9   1  15  111  7   1   3  22  14   1  17   2  297 16  27  18   5   7  15   5  57   2  30  20   1   4   3   0  127 [31.4/1.1]
   k  55   8   1   2  34  13  20   4  61  19  20  17  51  20   5  10   7  12  39  12  123  3  12 1001 15  18  15  20  24  78  25  12   8  149 18  20   7   0  152 [51.1/1.7]
  eh  252  0   2   2   5  20   1  49  17   8   4  31  15  20   5   7   0  33   4  16  11   1  14   7  265 15  13  10   9   5  22   7  49   7   4   8  14   0  145 [27.8/1.2]
  ng   5   0   0   6   3   1   1   0   2  49  10   1   1   0   5   3   0   4   2   1   5   1   3   4   1  244  1   0   5   2   1   0   0   2   0   2   0   0   19 [66.8/0.2]
   y  19   0   0  12   6   8   1   3  13   7   9   3   9  11   0   1   3   4  13   3   1   0   3   4   9   1  506 18   1   2   1   0   4  15   0   3   9   0   85 [72.1/0.3]
  ch   4   0   0   0   2   2   3   2   2   3   0   0   7   3   0   0  20   1  13   1   3   4   1   2   2   0   1  181  0   2   3   0   0   0   0   0   0   0    9 [69.1/0.1]
   w  15   5  11   2   2   1   3   0   1   3   4   2   2   1   3   3   2   1   1   1   5   1   5   5   2   3   4   1 1034 13   0   5   6   4  10   0  23   0   41 [87.3/0.3]
  hh  16   4   0   5  19  19   1   4   9  13  10   5  13   9   7   2   5   5  14   2   9   7  13   7   5   9  58   8   2  319 14   7  12   7  12   6   4   0  201 [48.3/0.6]
  uh  50   1   2   3   3   0   2   1   4   1   2   3   8  24   6   2   2  27  19   1  11   0  12   4   4   2   4  13  14   2  88   1  16   5   2   1   2   0  157 [25.7/0.4]
   f  15   2   0   4  35   1   2   0   3   4   0   1   4   2   2   2  13   1   9   4  16   7   1   2   1   1   1   5  13   6   9  617  5   3  12  69   3   0   45 [70.5/0.4]
  ow  58   8   1   0   3   5   2   6   4  11   1   7   7   3  49  47   0  11   1  20  10   6  17   4  13   1   0   2  23  13   6   4  352  3   1   4  11   0   82 [49.3/0.6]
   g  26   6   3   5  12   2   3   4  37  15  12   7   5   4   3   2   0  14   3   6  30   0  11  37   9  16  27   1   1  15  22   1  11  482  8   1   1   0   62 [57.2/0.6]
  dh  33  50   2  10  24   6   4   9  118 41  31  10  22  16   5  10   1   3   3  21  44   3  14  13  21   3  11   2   8  13  33  37   9  39  321 33   2   0  188 [31.3/1.2]
  th   9   3   1   0   5   2   5   1   6   4   1   0   7   0   0   1   0   3   1   2   5   6   2   4   0   3   0   2   2   0   5  14   1   1   8  82   0   0   12 [44.1/0.2]
  oy   9   0   0   0   0   0   0   3   0   0   1   6   0   0   0  11   1   2   0   0   0   0   1   0   2   0   0   0  10   1   0   0  16   1   0   0  219  0    9 [77.4/0.1]
 sil   0   0   0   0   0   0   0   0   0   0   0   0   0   0   0   0   0   0   0   0   0   0   0   0   0   0   0   0   0   0   0   0   0   0   0   0   0 3360   0
Ins 1310 146  39 155 371 188 176 164 426 569 266 204 382 268 283 247  86 242 143 307 699 132 285 299 308 294 192 174 431 458 505 118 376 354 226 231 343   0
===================================================================
