====================== HTK Results Analysis =======================
  Date: Fri Oct 16 02:22:37 2020
  Ref : phones0.mlf
  Rec : recout.mlf
------------------------ Overall Results --------------------------
SENT: %Correct=0.00 [H=0, S=1680, N=1680]
WORD: %Corr=44.08, Acc=24.62 [H=25541, D=5524, S=26871, I=11275, N=57936]
------------------------ Confusion Matrix -------------------------
       a   b   r   i   v   e   t   a   d   m   n   a   z   i   l   a   s   e   j   a   p   s   u   k   e   n   y   c   w   h   u   f   o   g   d   t   o   s 
       h           y       y       e               y       h       a   h   r   h   w           w       h   g       h       h   h       w       h   h   y   i 
                                                                                                                                                           l  Del [ %c / %e]
  ah 1474 16   3  37  35  20  10  75  19  59  17  33  18  74  44  54   4  71   7  56  40   8  56  17  28  26  24  11  27  23  121  9  107 22   7  15  30   0  259 [54.7/2.1]
   b  29  143  2   5  34   9   7   4  191 23  18   5  10   3   5  21   1   6   3  11  80   3   9  10   7   2   0   2  54  25  12   1  25  64  30   1   8   0  129 [16.6/1.2]
   r  251 37  553  6  95  36   8  35  27  69  38  85  13  68  61   9  35  614 29  69  86   7  61  85  15  29  30  45  51  187 43  19  72  55  28  15  100  0  393 [18.0/4.3]
  iy  117 12   4 1474 31  148 10  12  20  74  17   9   9  69   3   2   2  86   5   1  21   7  112  8   4  102 53  12   9   7  23   3  30  11   4   2  40   0  111 [57.7/1.9]
   v  21  12   7   7  236  6   8   9  39  24  29   3   6   6   8   4   2   7   4  10  32   2  13   8  11   6   1   3  26   9  11  15   9  25  11  12   1   0   95 [36.7/0.7]
  ey  49   4   5  24  10  411  3  13   5   5   2   7   3  36   4   0   0  12   6   2   7   4   5   3  11  30   2   3   2   3   1   1   7  10   2   5  15   0   51 [57.7/0.5]
   t  147 60   8  36  133 44  365 42  233 104 59  52  106 31  33  40  31  44  146 46  236 14  66  190 44  33  17  109 39  140 47  25  52  96  40  32  48   0  554 [12.2/4.5]
  ae  144 10   1   5  17  55   6  990 17  30   6  95  24  52  12  13  12  106 17  79  29   8  26  17  152 38  38   9  12  13  36   7  18  15   9   5  19   0  222 [46.2/2.0]
   d  50  45   1  13  50   6  56  20  954 88  39   9  18  18  10   1   5  17  28  10  77   9  26  63   8  22  16  16  16  29  17   7  12  120 39  12   9   0  268 [49.3/1.7]
   m  39   7   6   7  22  25   4   5  39  766 290  9   7   9  10  12   0  13   7  12  19   0   5  10  11  32   1   8  15  13   4   3   7  15   9   1   3   0  145 [53.0/1.2]
   n  103 81   2  18  74  32  19  29  37  4851055 16  22  26  37  25  10  38  25  22  87  13  45  36  31  162 15  13  32  40  16   4  65  36  20  15  21   0  390 [37.6/3.0]
  ay  31   2   0   4   9   4   3  19   1   5   5  517  4   1   4  43   0  24   0  45  15   2   0   1   1   8   0   2   6   7   0   1   6  14   2   2  58   0   45 [61.1/0.6]
   z  33   9   1   8  20   8   8   7   4  18   3   2  751  4   6   3  10   3  39   3  23  238  9  12   1   2   1  39   5   8   7  25   5   2  12  22   0   0   86 [55.6/1.0]
  ih  541 28   5  147 54  102 15  78  63  117 25  20  26  670 11   6  10  170 20  19  66  23  140 26  52  62  23  18  25  18  192 18  65  36  23  25  52   0  444 [22.4/4.0]
   l  129  6  27   7  18  29   5   6  16  45  48  79  11   6 1073 36   0  21   2  45  24   3  34  10   7  32  15   8  269 42  12   3  119 21  14   5  256  0  275 [43.2/2.4]
  aa  117  9   9   3  21   5   2  16   7  20  10  64   7   4  57  989  6  69   6  147 22  10  25  22   4   4   7  48  112 80   5   5  152 26  17  12  51   0  347 [45.6/2.0]
  sh   9   1   0   0   9   4   9   2   5   2   5   0   8   0   3   0  505  0   5   0  10  35   8  20   1   2   3  71   0  36   0   8   2  17   6   6   0   0   44 [63.8/0.5]
  er  122  7  40   2  20   3   3  20   3  10   8  12   4  16  25  12   0  778 14  15   9   0  23  14   5   2   0   8  10  17  12   3  32   7   3   1  16   0   89 [61.0/0.9]
  jh   5   1   0   1   2   0   6   2   2   6   1   1   7   1   0   0  12   3  110  4   7   4  13   8   1   3  17  36   0   1   3   2   3   1   2   1   1   0    6 [41.2/0.3]
  aw   4   3   0   0   1   0   0  10   1   0   1   4   0   0   4  17   0   4   0  147  5   0   1   5   1   1   1   0   2   1   1   0   4   2   1   0   1   0   13 [66.2/0.1]
   p  18  10   4   0  21   3  12   3  41   5   2   8   5   4   1   3   3   2   7   4  660  2   3  74   2   0   0   3  13  50   6   1   8  30  11   4   1   0   66 [64.5/0.6]
   s  49   5   1   6   8   4  10  11  15  11  18   7  264  3   3   5  40   5  41   6  22 1725 23  26   6   5   3  60  10  20  18  16   6   8  11  28   2   0  137 [69.0/1.3]
  uw  53   5   1  78   9  15   2   3   9  16   5   1  12  61  10   1   4  26  18   0  21   5  421  7   3   7   4  16  19   6  55   6  26   6   2   2   2   0  137 [44.9/0.9]
   k  59  19   0   5  55  17  34  10  29  10  34  10  28  16   6   6   9  18  37   5  183  3   5 1048 10  14  31  19  21  73  18  10  26  78  13  12  13   0  126 [52.8/1.6]
  eh  169  3   4   5   8  15   4  131 24  14  10  26   8  28   4   9   5  41  10  24  14   2  10  13  165 17  15   7  11  12  19   0  60  10   8   3  17   0  172 [17.8/1.3]
  ng   4  12   0   8   7   4   2   1   1  45   7   1   1   0   2   1   0   2   3   1   5   1   3   3   1  223  2   0   4   2   1   0   5   4   2   0   0   0   26 [62.3/0.2]
   y   9   3   0  76   2   5   9   3  18  20  13   3   5  10   0   1  20  11  18   3   4   4  10   5   2   7  365  7   2   2   0   1   5   8   1   2  31   0  102 [53.3/0.6]
  ch   4   1   0   0   1   2   1   2   0   2   1   2   1   0   0   0  13   0  13   1   4   4   5   1   1   0   5  197  0   2   2   1   0   0   1   0   0   0    4 [73.8/0.1]
   w  23   1  10   1   2   1   0   1   9   4   9   1   2   2   1   5   1   0   0   2   6   0   4   0   1   5   3   6  984 49   2   3  11   5   4   2  24   0   41 [83.1/0.3]
  hh  14   8   0   6  23  17   7   4  26  14  28   3   9   3   3   2   3   5   6   2  12   2  26   6   4  11  42  11   2  295  3  11   9  10  34   7   3   0  191 [44.0/0.6]
  uh  42   3   1   4   7   2   3   6   3   5   3   3   2  29   5   4   4  39  13   2   9   0  18   5   0   4   2   4   6   2  84   3  16   4   2   0   7   0  153 [24.3/0.5]
   f  18   7   0   2  25   1   3   1  11   2   1   1   6   2   2   5   5   2   4   4  40   7   1  14   1   1   0   7  17  25   7  531 12   7  29  57   4   0   58 [61.6/0.6]
  ow  50   0   1   0   9   1   1  18   1  10   2   9   6   4  33  21   0  15   1  33  11   3   9   3   2   1   1   1  13   6   4   1  415  3   3   1   7   0   97 [59.4/0.5]
   g  18  13   0   4  11   9   8   2  41  13   9   6   2   8   2   2   1  11   6   6  22   3  18  42   3  16  27   3   9  36   9   2   9  473 12   1   2   0   45 [55.1/0.7]
  dh  32   7   3  13  27  13   1  10  141 54  70   5   6  10   3   4   3   6   3  13  75   6  24  14   5   9   7   0  12  19  16   6  13  42  345 19   4   0  173 [33.2/1.2]
  th  13   6   1   1   6   2   0   0   8   4   3   0   5   0   1   0   0   0   2   1  10   4   4   4   1   2   1   1   1   3   3   7   1   5  12  63   1   0   22 [35.8/0.2]
  oy   0   0   0   0   1   1   0   0   0   1   1   5   1   0   1   7   0   2   0   3   0   0   1   0   0   2   0   1   6   0   0   0  24   0   1   0  226  0    8 [79.6/0.1]
 sil   0   0   0   0   0   0   0   0   0   0   0   0   0   0   0   0   0   0   0   0   0   0   0   0   0   0   0   0   0   0   0   0   0   0   0   0   0 3360   0
Ins  900 305  62 196 455 201 156 230 428 634 288 174 227 216 304 138  77 317 176 225 643 134 398 299 151 255 168 197 482 711 252 191 459 362 333 166 365   0
===================================================================
