====================== HTK Results Analysis =======================
  Date: Fri Oct 16 02:10:30 2020
  Ref : phones0.mlf
  Rec : recout.mlf
------------------------ Overall Results --------------------------
SENT: %Correct=0.00 [H=0, S=1680, N=1680]
WORD: %Corr=40.14, Acc=16.60 [H=23254, D=5055, S=29627, I=13639, N=57936]
------------------------ Confusion Matrix -------------------------
       a   b   r   i   v   e   t   a   d   m   n   a   z   i   l   a   s   e   j   a   p   s   u   k   e   n   y   c   w   h   u   f   o   g   d   t   o   s 
       h           y       y       e               y       h       a   h   r   h   w           w       h   g       h       h   h       w       h   h   y   i 
                                                                                                                                                           l  Del [ %c / %e]
  ah 1224 56   1  31  56  19   1   6  35  148  5  37  25  113 35  91   3  65  19  41  63   7  32  12  54  43  21  11  25  25  137  6  107 49  13  21  20   0  299 [46.1/2.5]
   b  17  377  1   4  13   4   0   4  104 36  19  10   7   3   3  12   0   3   5  10  39   1   6   2   8   6   2   2  25  31  11   7   8  58  44   6   3   0  101 [42.3/0.9]
   r  114 123 650 24  90  27   3   7  57  213 14  58  36  52  53  20  14  563 35  31  31  13  36  36  27  50  20  61  51  162 86  21  46  76  46  45  88   0  380 [21.1/4.2]
  iy  78  54   0 1278 27  118  1   5  27  105 10   7  33  116  5   7   9  72   8  10  24  17  137  6  22  143 49   7   9  14  17   5  30  52  11   9  19   0  123 [50.3/2.2]
   v  17  24   6   6  298  1   2   0  21  36   3   0  11   6   7   4   1   6   9   6  17   2   7   1   6   6   0   2  10  13  17  24  10  28  28  25   2   0   76 [45.0/0.6]
  ey  20  19   0  35   6  392  0   8   9  26   1  13   8  30   5   1   2  13   4   1  13   3   9   1  19  40   2   1   5   2   4   2   5  18   2   3  12   0   29 [53.4/0.6]
   t  134 209  8  41  117 37  45  12  257 311 16  45  161 83  42  34  20  77  188 41  122  6  42  32  66  108 32  86  52  114 75  31  39  227 52  51  32   0  497 [ 1.5/5.2]
  ae  162 42   4  11  40  52   2  300 32  107  8  87  45  63  26  22  10  114 31  76  38   5  24   3  374 90  48  13  36  32  63  13  26  63  13  19  20   0  250 [14.2/3.1]
   d  35  93   2   8  57  11  10   7  953 129 16   5  21  28   6   2   3  21  49  12  79   4  20  13  23  56  28  19  15  22  16  10  12  174 45  20   6   0  174 [46.9/1.9]
   m  23  52   4   8  29  11   1   3  31  843 111  6  12  17   6  16   0  17   9   8  38   1  10   2   6  29   5   5  28  50   8   4   2  63  17   3   4   0  108 [56.9/1.1]
   n  116 142  5  28  63  32   2  14  116 453 483 34  57  44  49  38   8  48  40  49  103 16  45  26  60  189 16  27  66  65  47  15  89  116 37  28  19   0  412 [17.3/4.0]
  ay  26  23   0   4  17   6   0   2   6  23   0  487  5   5   6  60   0  18   3  35   6   0   2   1  10  17   1   1   6  14  11   3   9  13   4   3  26   0   38 [57.1/0.6]
   z  27  63   0   5  16   2   1   0  11  60   2   4  799  1   1   4   5   9  48   3  41  93   6   3   8  10   2  33   5   9   7  11   5  11   5  36   3   0   88 [59.2/0.9]
  ih  417 80   3  101 68  89   2  10  47  178 16  25  57  820 16  20   9  141 35   8  75  29  101 17  77  72  21  28  29  35  146 13  56  52  28  57  39   0  418 [27.2/3.8]
   l  76  28  12  42  38  30   2   9  27  92  22  56  23  22  963 71   0  38  11  47  15  11  28  14  22  42  12  11  202 89  55  16  84  37  39  20  191  0  261 [38.6/2.6]
  aa  65  24   3  11  31   3   1  12  17  41   9  51  10  11  35 1210  2  77  11  111 17   9   4   8   6  11   2  24  109 60  28   3  91  21  10  16  78   0  285 [54.2/1.8]
  sh  14  20   0   1  14   5   0   0   2  21   5   3  13   1   2   1  471  2  20   2  12  30   1   0   4   4   4  92   6   8   2   2   2  28   5   3   1   0   35 [58.8/0.6]
  er  68  27  44   7  11   3   1   1   7  30   3   6   4  10  15   9   2  835 17   4  12   5   3   5  17  12   4   7  15  16  23   3  24  13   8   3   7   0   84 [65.2/0.8]
  jh   3   6   1   3   4   0   0   3   8   8   1   3   7   2   0   1   3   2  124  2   8   2   1   0   1   8   5  31   4   1   3   0   6   4   1   3   1   0   13 [47.7/0.2]
  aw   5   5   0   1   8   0   0   9   3   3   1   0   3   0   8  23   0   4   1  123  1   0   2   1   2   1   2   0   1   2   4   1   2   1   1   0   1   0   16 [56.2/0.2]
   p  24  42   5   5  23   4   1   2  83  38   4   7  22   9   9   6   3   8  13   7  451  5   5  18   7   6   2   5  22  58  14   9   8  43  32   6   2   0   82 [44.7/1.0]
   s  67  42   5   5  19   4   0   5  51  33   3   8  310 18   4   8  22  15  59  16  39 1385 26   7  24  21  11  50  15  25  25  18   6  59  17  52   6   0  158 [55.8/1.9]
  uw  54  27   7  32  15  16   0   0  21  33   9   3  23  56   6   7   5  42  29   2  14   1  401  5   6  39   3  11  27   9  29   6  15  35   7   8   4   0   67 [39.8/1.0]
   k  42  98   3  11  35  14   2   2  131 100 15  14  48  37   4  16  32  27  96  22  103  0   8  549 29  58  34  24  32  64  17  26  12  162 34  31  11   0  167 [28.3/2.4]
  eh  110 15   2   8  12  11   2  22  18  23   3  20  11  26   6  17   0  41  15  27   6   1   7   4  353 23   5   6   8  13  37   5  53  17  10   8  11   0  141 [36.9/1.0]
  ng   5  15   1   1   9   0   0   0   5  41   4   0   0   0   0   3   0   1   5   2   6   1   7   2   0  231  2   3   8   4   0   0   3   4   2   2   3   0   14 [62.4/0.2]
   y   9  16   0  25   3  10   2   0  14  20   7   3   5  14   1   1   9  13  16   2   2   2  22   3  11   6  437 11   6   5   1   1   2  22   4   1  24   0   57 [59.9/0.5]
  ch   4   2   1   0   3   3   0   0   4   7   0   1   3   1   0   0  15   1  28   1   5   3   4   0   3   2   1  159  2   4   3   1   1   1   1   1   1   0    5 [59.8/0.2]
   w  11   9   5   1   5   3   0   1   2  17   9   1   1   2   5   3   0   4   4   2   7   1   4   2   3   2   0   5  961 44   5   3   7  20   3   3  28   0   42 [81.2/0.4]
  hh  12  23   5   7  22  15   0   4  15  24   9   2  10   7   3   1   4   7  15   6  16   2  17   5  17  15  62   6   6  280  5   9   8  14  35   9   2   0  163 [40.1/0.7]
  uh  16  19   0   4   8   1   0   0   4  22   0   4   4  26   7   3   2  60  10   5   1   1  11   1   9   9   1   5  10   5  124  1  11   8   1   1   4   0  101 [31.2/0.5]
   f  22  15   0   1  35   1   1   1   3   6   2   3   9   2   4   1   5   6  14   9  19   4   3   0   7   9   1   8  12  15   1  525  5  10  19  82   6   0   54 [60.6/0.6]
  ow  26  23   0   0   5   1   0  10   7  28   3   4  11   6  27  25   0  11   4  30   7   6   2   2  12   2   3   2  17  13  13   2  382  3   6   2   6   0   95 [54.5/0.6]
   g  16  58   1   6  16   2   1   2  31  64   5   6   0   9   3  13   0  15   5   9  20   1  11  87   2  32  21   2  21  19  10   7  11  308 18   7   1   0   64 [36.7/0.9]
  dh  24  41   2  10  22   8   2   8  121 65  16   7  21  16   6   7   1   8   5  19  38   4  13   7  21   5   6   3   7  28  30  44  10  43  383 28   2   0  132 [35.4/1.2]
  th  11   3   1   1   4   1   0   0   7   8   2   1   6   0   1   1   0   4   1   1   6   4   0   1   4   1   0   2   0   3   8  13   0   4  15  64   1   0   19 [35.8/0.2]
  oy   9   1   0   0   0   1   0   1   0   4   0   4   0   0   0  10   0   1   0   1   0   0   0   0   2   1   0   0   5   1   2   0  12   2   1   1  226  0    7 [79.3/0.1]
 sil   0   0   0   0   0   0   0   0   0   0   0   0   0   0   0   0   0   0   0   0   0   0   0   0   0   0   0   0   0   0   0   0   0   0   0   0   0 3360   0
Ins  7991104  82 237 431 215   9  94 5651474 172 166 360 347 316 237  55 426 230 279 647 114 270 146 356 672 209 180 458 655 345 166 332 596 294 277 324   0
===================================================================
