====================== HTK Results Analysis =======================
  Date: Sat Oct 17 02:38:11 2020
  Ref : phones0.mlf
  Rec : recout.mlf
------------------------ Overall Results --------------------------
SENT: %Correct=0.00 [H=0, S=1680, N=1680]
WORD: %Corr=45.91, Acc=29.22 [H=26601, D=6189, S=25146, I=9670, N=57936]
------------------------ Confusion Matrix -------------------------
       a   b   r   i   v   e   t   a   d   m   n   a   z   i   l   a   s   e   j   a   p   s   u   k   e   n   y   c   w   h   u   f   o   g   d   t   o   s 
       h           y       y       e               y       h       a   h   r   h   w           w       h   g       h       h   h       w       h   h   y   i 
                                                                                                                                                           l  Del [ %c / %e]
  ah 1600  8   2  38  18  20   9  52  15  26  12  31   9  93  20  61   2  62   5  55  26   5  50   8  18  19  29  10  21  11  124  9  145 21  10  11  46   0  255 [59.2/1.9]
   b  25  521  0   4   9   6   5   6  108 14   8   1   5   5   3   4   1   4   2   4  59   0   5   7   5   7   2   2  25   2   5   1   7  29   8   2   2   0   89 [57.7/0.7]
   r  275 22  645 19  49  22  10  36  28  53  16  37  22  76  33   7  21  782 32  42  46   8  140 59  13  23  26  49  61  77  19  21  47  54  17  20  60   0  492 [21.7/4.0]
  iy  119  2   0 1555 13  144  3   9  13  19   8   7  21  107  2   2   4  55   4   1   9   6  94   4   8  84  90  14   7   6  19   3  23  11   2   4  55   0  137 [61.5/1.7]
   v  39   9   7   3  345  4   1   6  22  13   8   0   5   2   6   7   0   2   0   8   6   2  15   5   3   7   2   3  17   7   3  24  11  13   4  29   2   0   98 [53.9/0.5]
  ey  55   4   2  67   8  370  5   2   6  14   4   7   1  30   6   0   1   5   2   2   5   4  13   1  31  21   1   3   6   5   3   0   8   9   2   3  14   0   43 [51.4/0.6]
   t  189 15   5  40  73  36  528 34  199 66  38  24  103 29  20  32  11  49  139 50  248 17  68  104 42  53  16  96  39  78  35  17  50  154 38  47  46   0  714 [18.7/4.0]
  ae  223 12   3   1  14  63   7  987 12  12   4  37  23  61   7  16   4  48  12  72  34   1  46   2  166 34  51  11  12  16  20   6  21  23   5   2  18   0  278 [47.3/1.9]
   d  72  52   2  13  42  14  59  12  920 52  23  12  22  28   1   1   3  19  40  12  69   6  32  32  13  53  15  14  19  13  15   5  16  119 18  15  11   0  340 [49.4/1.6]
   m  61  11   0  14  29   8  13  14  18  571 289 11   7   9  10  10   1  17   9  14  10   2  42   3   8  46   4   1  42   9   2   3  14  44  13   5   9   0  217 [41.6/1.4]
   n  148 21   5  36  47  22  21  16  48  2691266 20  31  26  17  29   8  23  25  21  51  19  45  13  25  290  9   8  34  14  18  12  53  74  21  21  14   0  377 [44.9/2.7]
  ay  63   0   0   7   3   6   5  30   2   6   3  454  2   6   3  36   0  16   1  43  18   0   4   1   7   8   0   0   3   5   2   7  11  31   2   7  37   0   62 [54.8/0.6]
   z  40   1   1   4  10   4  20   0   2  10   2   3  826  3   0   2  37   2   5   1  31  263  7   2   3   9   0   9   7   2   4  17   0   5   5  26   1   0   73 [60.6/0.9]
  ih  743  7   3  149 26  96  14  57  23  60  22  27  44  673 10  10  11  108 16  17  46  20  208 14  49  80  38  15  16  10  166  6  75  42  13  22  56   0  443 [22.5/4.0]
   l  135  9  16  29  19  12  10  10  18  26  34  51  26   9  987 66   4  16   4  58  15   3  56   6   1  23   7   7  266 15   2  11  163 29   8  14  304  0  289 [40.0/2.6]
  aa  141  6   8   9  13   3   8  25   7   8  18  45  14   8  40 1034  4  98   3  174 12   8  26  12   1   7   4   6  144 26   6   1  81  25   3  15  35   0  439 [49.8/1.8]
  sh  12   0   0   0   4   1   2   3   3   2   1   0  12   0   0   0  629  0   5   0   2  37  10   1   3   2   5  58   0   1   5   0   0   1   1   1   1   0   34 [78.4/0.3]
  er  137  3  39   5   4   4   2  14  10   9   4   2   2  13   3  13   8  868  4   8   8   3  19   6   9   5   3   3   8   4   6   1  28   7   0   3  10   0   90 [68.1/0.7]
  jh   4   0   0   0   4   0   3   1   4   2   0   1   4   1   0   0  22   1  167  1   3   4   6   0   1   2   4  25   0   0   1   0   0   4   0   2   1   0    5 [62.3/0.2]
  aw   6   4   0   1   1   0   0  10   4   4   3   2   0   0   2   8   0   5   1  140  3   1   4   2   2   0   1   0   1   1   0   0   9   2   0   1   0   0   17 [64.2/0.1]
   p  20  69   1   1  10   4  18   6  40   3   2   2  15   2   2   4   5   3   6   2  622  0  11  47   2   1   2   7  23  41   7   3   7  19   8   6   1   0   68 [60.9/0.7]
   s  72   9   1   5  13   5  13   6  15   5  11   2  292 11   4   4  67   7  19  11  13 1712 18   7   5   7   4  46  10   0   7  26   4  24   7  29   5   0  142 [68.6/1.4]
  uw  60   1   2  55   9  19   2   7  13   9   3   1  12  68   9   2   4  12  18   0  10   0  454  7   3   8   4  15  22   3  78   0  22  12   1   0   3   0  126 [47.9/0.9]
   k  73  22   2   9  31  14  72   6  38  13   9  14  62   7   7   4   7  13  34   4  106  3  20  880  8  16  46  32  22  59  21  28   6  196 18  18   3   0  187 [45.8/1.8]
  eh  224  6   1   4  16  11   1  100 11   8   8  13  10  36   3   6   2  31   8  32  11   1  33   7  166 15  12   4  10   7  16   6  46   9   8   3  24   0  188 [18.3/1.3]
  ng   4   0   0   1   4   2   4   0   5  27  16   1   1   0   3   2   0   1   0   1   5   0   6   0   0  259  1   0   4   2   0   1   4   3   0   1   4   0   22 [71.5/0.2]
   y  15   0   0  66   4   9   8   0   4   7   9   2  11  11   0   1   6   5  34   1   0   0  12   2   6  12  401 14   2   3   1   2   2  11   3   4  30   0   89 [57.4/0.5]
  ch   1   0   0   2   1   0   2   2   2   3   0   0   4   0   0   0  22   1  15   0   2   4   1   0   0   1   2  188  0   1   1   3   0   3   0   0   0   0   10 [72.0/0.1]
   w  16   9   9   1   2   0   2   1   0   2   2   0   4   2   2   3   1   0   5   2   5   0   4   1   0   2   4   2 1043  8   0   3   8  13   3   1  22   0   43 [88.2/0.2]
  hh  16   8   1   6  28  10   2   4   4   5   5   5  13   4   5   2   4   8  19   3  12  11  31   3   1   7  72  11   5  316  1   7   7   8  14  10   5   0  189 [47.0/0.6]
  uh  57   0   1   2   4   1   3   3   2   5   2   3   3  17   5   3   1  23  34   1   6   0  23   2   4   6   0   2  10   1  79   3  14   7   0   1   5   0  166 [23.7/0.4]
   f   7   3   1   4  24   3   3   2   2   4   1   1   6   3   1   1  10   3   5   4   8   8   6   1   1   2   2   4   9   4   3  638  5   4   9  81   2   0   45 [72.9/0.4]
  ow  59   6   1   1   2   4   4  12   3  11   2   5   8   2  55  26   1  10   1  37   7   1  18   0   5   3   2   1  22   4   7   1  356  3   3   1  12   0  100 [51.1/0.6]
   g  24  13   4   4  10   5   7   1  22   6   5   5   3   3   3   1   0  12   6   9  18   2  26  65   5  22  34   0   8  18  10   1   9  479  0   1   2   0   61 [56.8/0.6]
  dh  60  86   1  15  31   5   6  10  106 22  37   4  10   9   2   4   3   7   7  25  43   2  46  14   7   3   8   1   5  20   9  26  10  29  257 38   5   0  240 [26.4/1.2]
  th  13   1   1   0   5   3   2   1   5   4   0   1   3   0   0   0   0   2   3   1   8   9   6   3   0   3   0   2   2   1   1  12   1   4   6  80   0   0   15 [43.7/0.2]
  oy   7   0   1   0   0   2   0   1   0   1   0   3   0   0   0  10   0   2   1   5   0   0   0   0   0   1   0   1   4   0   0   0  20   2   0   0  225  0    6 [78.7/0.1]
 sil   0   0   0   0   0   0   0   0   0   0   0   0   0   0   0   0   0   0   0   0   0   0   0   0   0   0   0   0   0   0   0   0   0   0   0   0   0 3360   0
Ins 1085 239  54 229 321 154 213 179 290 395 155 114 286 229 189 201  90 188 190 210 541 141 452 132 143 286 212 142 447 395 210 124 353 359 201 189 332   0
===================================================================
