====================== HTK Results Analysis =======================
  Date: Sat Oct 17 02:41:46 2020
  Ref : phones0.mlf
  Rec : recout.mlf
------------------------ Overall Results --------------------------
SENT: %Correct=0.00 [H=0, S=1680, N=1680]
WORD: %Corr=46.50, Acc=30.54 [H=26938, D=6482, S=24516, I=9245, N=57936]
------------------------ Confusion Matrix -------------------------
       a   b   r   i   v   e   t   a   d   m   n   a   z   i   l   a   s   e   j   a   p   s   u   k   e   n   y   c   w   h   u   f   o   g   d   t   o   s 
       h           y       y       e               y       h       a   h   r   h   w           w       h   g       h       h   h       w       h   h   y   i 
                                                                                                                                                           l  Del [ %c / %e]
  ah 1661  6   5  48  18  24  12  62  18  27   6  21   5  109 25  97   4  42   4  39  20   4  52   8   6  39  25   5  24  15  77   3  119 13   6  14  40   0  253 [61.5/1.8]
   b  22  475  0   3  12   3   5   5  116 14   5   5   5   9   3   6   0   4   2   4  76   0   5  16   4   6   0   0  26   3   1   0   8  18   8   3   5   0  115 [54.2/0.7]
   r  305 12  672 13  57  20  17  30  27  32  13  41  18  110 31  12  16  734 14  32  36  12  98  69   2  23  25  67  43  93  33  26  38  28  14  34  72   0  540 [23.0/3.9]
  iy  136  1   3 1598  9  158 14  10  20  26   5  12  19  95   1   5   3  57   5   5   9   8  45  10   4  90  68  11   5   5   9   4  16  14   5  12  44   0  123 [62.9/1.6]
   v  39   4   7   2  383  4   1   8  17  13   3   0   6   5   6   7   1   3   2   5   6   3  10   3   2  10   1   3  16   5   1  18   5   5   4  27   2   0  101 [60.1/0.4]
  ey  64   1   1  29   2  411  5   9   7   7   1   6   3  31   4   1   1   4   2   2   7   4  11   1  25  27   4   3   3   5   5   0   3   4   3   4  19   0   44 [57.2/0.5]
   t  195  4   7  32  100 45  447 42  261 49  27  33  114 59  20  42  17  37  55  51  230 15  61  134 14  59  16  105 46  101 15  23  43  118 39  68  65   0  753 [16.0/4.0]
  ae  235  6   3   1  17  67  10 1146 17  13   4  71  12  74  11  12   6  39   6  57  32   3  25   7  52  35  41  11  14  16  17   7   9  11   5   8  22   0  242 [54.0/1.7]
   d  83  27   1   8  58  14  38   9 1009 46  24   7  17  27   3   8   4  13  19  10  63   8  24  29   8  65  16  22  17   8  12   6  14  112 21   7  11   0  336 [54.0/1.5]
   m  51   7   2   4  33   7  21   3  14  700 254  6   8   5   9  15   0  13   3   7   7   1  30   5   2  73   3   5  30  10   4   3   9  23  13   3   3   0  204 [50.5/1.2]
   n  156 14   5  28  45  29  17  36  48  299 982 24  25  34  26  37   9  21  16  20  47  18  59  30  14  436 15  14  38  20   5   8  47  50  24  24  23   0  454 [35.8/3.0]
  ay  69   2   1   3   8   5   5  19   1   7   3  458  5   4   2  60   0  13   0  43   8   2   4   5   3   2   1   0   2   1  10   3   7  23   0   4  60   0   48 [54.3/0.7]
   z  40   0   1   3  17   7  15   1   4   7   3   0  807  4   1   2  44   1  14   2  25  276  7   7   2  14   0  13   5   4   1  10   2   1   8  25   0   0   64 [58.8/1.0]
  ih  754  1   3  200 31  102 16  62  28  44  15  20  31  889 13  16  14  77   4  20  40   8  136  5  35  70  42   7  21   6  70  11  47  37  15  18  70   0  457 [29.9/3.6]
   l  141  5  18  23  25  23   6  15  14  27  16  58  21   7 1018 81   1  13   1  57  10   2  65  11   7  27   7   5  246 20   7  10  120 14  10   6  304  0  317 [41.7/2.5]
  aa  123  4  13   2  13   2   7  20   9   8   6  40  10   8  72 1098  4  82   2  126 12   8  37   6   2   8   3   3  125 21   6   4  79  15   4  14  52   0  469 [53.6/1.6]
  sh   8   0   1   1   2   0   2   2   1   1   0   0  11   6   0   0  644  0  12   0   1  45   8   0   1   0   5  45   1   0   1   1   0   1   0   1   0   0   35 [80.4/0.3]
  er  155  2  60   2   8   5   6  23   8   7   6   4   2  21   5  16   6  804  2  15   9   1  18  16   4   8   3   4   7   8   5   2  23   7   2   3  12   0   76 [62.4/0.8]
  jh   3   0   0   0   2   0   1   3   7   1   1   1   9   7   0   1  17   2  148  2   2   4   4   0   0   6  13  20   1   0   0   0   0   4   1   2   0   0   11 [56.5/0.2]
  aw  12   2   0   2   1   0   0  12   2   2   2   0   1   0   3  10   0   3   0  137  3   0   5   2   0   1   0   0   1   3   2   1   8   0   0   0   1   0   19 [63.4/0.1]
   p  17  25   1   1   8   2  17   2  30   5   0   6   3   4   3   2   3   3   4   4  699  1  11  61   0   0   2   2  24  34   5   4   2  20   9   9   1   0   66 [68.3/0.6]
   s  74   5   0   3   7   2  10   9   8   1   8   4  233 11   2   9  74   6  25   5  10 1791 16  17   1   4   2  21  13   5   0  41   5  12  13  41   3   0  147 [71.9/1.2]
  uw  81   2   6  64  15  25   3   8  19  11   3   2  10  124  6   2   1  15   5   2  14   8  373 11   2  14   4  17  17   3  29   3  17   8   0   1   5   0  144 [40.1/1.0]
   k  60   7   1   4  40  12  87   2  33   2   5   8  56  21   2   5   5  16  21   6  102  0  14 1063  3  16  42  42  25  59   8  18   5  132 12  12   4   0  160 [54.5/1.5]
  eh  238  4   4   5  10  20   3  147 12  11   5  20   9  50   4  10   2  31   5  36  12   3  28   7  50  21  11   7  11  11  12   7  37  10   3   8  29   0  204 [ 5.6/1.5]
  ng   5   0   1   1   5   1   0   0   2  18   7   1   0   0   0   2   0   1   0   1   2   0   6   0   0  296  0   0   3   2   2   0   2   3   2   1   2   0   18 [80.9/0.1]
   y  25   0   0  61   8   7   4   1   5   9   8   0   5  19   2   0   6   7  14   1   0   1   4   2   3   9  354  8   2   0   2   1   3   9   3   6  62   0  136 [54.4/0.5]
  ch   2   0   0   1   4   0   3   4   3   0   0   0   6   2   0   0  18   0  19   0   1   5   2   1   0   1   3  186  1   1   1   0   0   2   1   1   0   0    3 [69.4/0.1]
   w   8   6  11   1   2   1   4   1   4   3   3   2   7   2   8   4   2   1   2   2   5   3   5   1   2   3   2   2 1012  8   2   4   8   3   7   2  25   0   57 [86.6/0.3]
  hh  11   1   1  13  23   7   1   7   6   7   3   8  11   7   6   1   9   4  20   3   6  10  16   2   1  14  73   9   6  334  0   9   1   5  25   6   2   0  194 [50.0/0.6]
  uh  49   1   1  10   4   0   5   3   4   3   1   1   4  22   7   7   3  13  38   0   5   0  17   3   2   3   2   3  12   0  58   2  13   8   0   0   4   0  191 [18.8/0.4]
   f  15   2   0   1  22   0   1   4   6   3   0   2   2   5   2   4   7   1   4   6  13   6   3   2   0   2   3   7  12   5   0  624  6   0   7  92   3   0   48 [71.6/0.4]
  ow  69   4   2   0   4   2   1  13   3   4   1   6  11   1  69  36   0  10   0  37  14   3  33   0   5   2   3   0  29   5   9   3  280  6   1   4  18   0  108 [40.7/0.7]
   g  16   6   3   5  12   6   6   7  40  11   8   2   2   7   4   3   1  13   1   6  10   1  17  58   3  17  34   0   7  14   7   0   4  500  2   0   4   0   67 [59.7/0.6]
  dh  62  63   1  13  49   7   6  15  142 37  28   7  12  23   3  10   1   5   1  21  72   3  33  19   4  12   3   4   5  23   7  42   6  13  159 35  13   0  254 [16.6/1.4]
  th  17   0   1   0   2   0   3   1   8   2   1   0   2   3   1   1   1   1   1   1   9   7   5   3   0   3   0   1   1   0   0  16   0   2   3  84   0   0   18 [46.7/0.2]
  oy   5   0   0   0   0   2   0   2   0   0   0   4   0   0   2  10   0   1   0   6   0   0   1   0   0   0   0   1   5   0   0   0  18   1   0   0  228  0    6 [79.7/0.1]
 sil   0   0   0   0   0   0   0   0   0   0   0   0   0   0   0   0   0   0   0   0   0   0   0   0   0   0   0   0   0   0   0   0   0   0   0   0   0 3360   0
Ins 1098 136  64 156 384 183 214 240 290 280  97 153 189 330 214 227  92 188 131 231 481 127 354 194  78 328 217 162 411 457 109 119 265 267 191 232 356   0
===================================================================
