====================== HTK Results Analysis =======================
  Date: Fri Oct 16 02:17:24 2020
  Ref : phones0.mlf
  Rec : recout.mlf
------------------------ Overall Results --------------------------
SENT: %Correct=0.00 [H=0, S=1680, N=1680]
WORD: %Corr=44.03, Acc=23.85 [H=25512, D=5579, S=26845, I=11695, N=57936]
------------------------ Confusion Matrix -------------------------
       a   b   r   i   v   e   t   a   d   m   n   a   z   i   l   a   s   e   j   a   p   s   u   k   e   n   y   c   w   h   u   f   o   g   d   t   o   s 
       h           y       y       e               y       h       a   h   r   h   w           w       h   g       h       h   h       w       h   h   y   i 
                                                                                                                                                           l  Del [ %c / %e]
  ah 1823 34   0  28  21  25   5  13  20  42  14  34  14  23  50  73   3  44   3  20  13   3  26  19  38  17  23  11  16  19  126  5  49  18  11  23  23   0  227 [66.8/1.6]
   b  39  324  1   4  11   4   0   6  160 13   2   8   9   1   2  21   2   3   3   4  69   0  13  31   3   5   1   3  33  20  10   0   6  39  39   1   3   0   99 [36.3/1.0]
   r  327 69  715 11  58  40   9  16  48  91  28  58  22  24  45  13  29  639 27  16  15  11  49  69  22  32  27  55  58  119 58  18  42  49  39  34  71   0  406 [23.4/4.0]
  iy  212 32   1 1273 22  126  3  11  29  38  25  14  21  108  4   3   3  57  11   1   3  11  140  8  13  104 62   8   7   6  26   1  31  34  20   6  35   0  155 [50.7/2.1]
   v  46  32   9   2  286  2   1   0  16  18   5   0   5   1   9   8   0   5   3   2   4   2   7  17   3   5   1   2  20  16   6  24   3  13  39  29   1   0   96 [44.5/0.6]
  ey  50  10   1  30   5  386  1  12   5  14   5   6   4  34   3   0   0   7   2   1   3   7   2   7  25  39   3   1   2   4   2   1   5  17   3   1  15   0   50 [54.1/0.6]
   t  247 204  7  24  64  31  510 18  208 131 54  36  138 18  52  48  15  45  100 25  73   8  49  178 53  39  21  71  33  73  61   9  37  135 61  55  35   0  576 [17.2/4.2]
  ae  285 30   2   3  21  53   2  651 27  45   4  109 24  34   4  19   4  84   6  40  20   8  19  32  295 49  42   7  16   8  43   5  22  32  13  11  24   0  271 [31.1/2.5]
   d  78  84   4   9  37   6  26  11  994 62  25   8  29  12   6   5   3  11  28   3  32   5  28  119 20  28  12  15  14  14  15   2  12  123 52  13   7   0  252 [50.9/1.7]
   m  64  55   0   3  23  13   1   4  31  856 131  4   7  11   9   9   1  16   5   3  10   4  15  14   8  26   4   4  26  23   8   1   4  43  21   2   4   0  127 [58.5/1.0]
   n  228 117  6  16  36  28   7  28  77  3541000 28  40  24  36  54   7  26   9  20  21  10  36  67  25  181 23  15  38  35  20   5  67  73  24  19  19   0  378 [35.5/3.1]
  ay  49   6   0   2   9   6   1   5   2  12   6  523  7   4   4  61   0  20   0  21   4   0   2   8  11  10   1   0   3   5   4   2   5  14   1   4  41   0   38 [61.3/0.6]
   z  34  66   1   3  11   5   1   1   4  17  20   3  823  7   2   4   6   3  30   1  16  153  7  18   5   3   1  34   6   5  14   7   5   3   9  42   2   0   65 [60.0/0.9]
  ih  842 61   3  156 40  84   7  29  40  95  28  26  52  394 16  17   9  111 17   7  22  37  96  49  70  59  33  24  14  19  239 11  62  49  32  46  40   0  499 [13.4/4.4]
   l  174 14  13  27  11  24   2  16  22  40  25  58  16   8 1112 76   2  17   5  28   7   6  36  10   9  27   8   2  224 60   8   4  41  21  33  15  241  0  316 [45.5/2.3]
  aa  136 26   3   2  15   3   2  37   3  19   2  44   6   7  64 1160  3  75   3  70   6   6  14  25   5  11   3  35  109 75   5   2  103 17  14  32  49   0  326 [52.9/1.8]
  sh  13  13   0   1  12   2   0   1   5   2   5   1   9   1   1   0  505  3  13   0   6  34   4  27   8   2   5  71   1  21   5   0   2   6   0  11   0   0   46 [63.9/0.5]
  er  154 18  67   2   8   5   0   3   3  16   4   7   2   4  15  15   1  800 13   6   3   6   8  18  14   2   3   5   8  10  10   0  23   9   7   5   9   0   82 [62.4/0.8]
  jh  13   7   0   0   3   0   1   5   5   3   1   1   7   2   0   0   7   1  120  0   2   4   5   4   1   4   8  36   0   2   2   0   2   2   3   4   4   0   14 [46.3/0.2]
  aw  11   6   0   0   3   1   0  20   2  10   0   2   1   1  22  23   0  14   1  77   1   0   0   2   1   0   3   0   0   2   1   0   5   2   2   1   1   0   20 [35.8/0.2]
   p  34  65   5   2  27   2  28   1  85  10   0   5   6   3   4  10   3   6  12   4  485  1   7  46   3   2   1   4  13  48  14   7   3  13  26  14   3   0   88 [48.4/0.9]
   s  99  26   1   5  11   7   2   6  25  10  15   4  410  8   4   6  39   4  48   4  13 1518  3  19  13  10   1  45  12  11  12  21   0  24  15  48   1   0  138 [60.7/1.7]
  uw  100 23   3  70   8  16   3   2   7  16  12   3  19  46  13   2   6  25  12   1   6   3  318 14   8  12   2  12  23   8  71   1  29  18   6   3   7   0  146 [34.3/1.1]
   k  67  84   2   3  34  13  34   3  48  19  31  15  37   5   7   8  10  15  28   5  53   1  11 1038  4  28  24  14  19  103 20  10   8  142 19  19   5   0  124 [52.3/1.6]
  eh  263 12   4   7   4  11   4  57  17  12   3  24  13  12   7  10   4  36   4  12   4   0  10  12  247 17  14   8   8   9  19   3  51   8  11   4  16   0  140 [25.8/1.2]
  ng  11  11   0   3   5   1   0   0   3  29  11   2   0   0   3   2   1   4   3   1   3   0   7   4   1  229  3   0   3   3   0   0   2   5   4   2   1   0   27 [64.1/0.2]
   y  18   2   0  51  11   7   2   1  14  14   9   2  15   2   0   1  21   5  17   0   0   3   9  15   9   6  367 10   0   7   5   2   5  11   5   4  55   0   82 [52.1/0.6]
  ch   5   2   0   0   2   0   1   5   0   4   2   0   5   3   0   0  17   0  19   0   0   5   5   2   1   0   3  175  1   0   4   0   1   1   1   0   0   0    7 [66.3/0.2]
   w  12   3  14   1   4   0   0   1   1   3   4   0   2   0   2   4   0   2   1   1   3   1   4   6   0   4   6   2 1011 44   1   0   3   6   6   2  26   0   45 [85.7/0.3]
  hh  23  25   4   4  15  11   1   5   7  18  14   5  13  19   5   2   5   2   9   2   5   1  19  18   8  10  58   7   3  291  6   7   7   4  17  10   2   0  200 [44.0/0.6]
  uh  62   9   0   5   9   1   1   0   3   6   2   3   2   4   5   8   6  31  12   0   1   1  18   7   6   4   0  11  11   5  107  1  14   3   2   1   5   0  133 [29.2/0.4]
   f  26  17   0   2  37   3   3   0   6   6   2   1   9   0   7   5   5   4   7   0   6   2   2   6   3   0   2  11  17  28   5  506  4   4  14  110  2   0   58 [58.7/0.6]
  ow  62  15   1   2   1   1   5  13   4   8   2   6  13   3  58  29   0  14   0  15   4   4   2   9  16   2   2   3  15  23   2   1  323  5   3   1   9   0  120 [47.8/0.6]
   g  26  28   1   5  11   4   2   7  28  22  11   5   2   4   2   5   0   8   6   3  24   0  12  67   5  19  42   0   5  36  21   1   7  421 10   2   1   0   51 [49.4/0.7]
  dh  36  24   2   7  38   9   9  10  124 51  10   7  11   7   2   5   0   6   3  12  34   2   6  14  11   4   7   2   6  17  14  45  13  20  461 24   2   0  158 [43.7/1.0]
  th  15   4   1   0   6   0   8   0   9   4   0   1   7   0   0   0   0   0   2   0   1   6   0   2   1   1   0   0   0   0   4  10   0   2   7  92   0   0   15 [50.3/0.2]
  oy   8   1   0   0   0   2   0   1   0   1   0   2   0   0   1  15   0   2   0   1   0   0   0   1   0   2   0   1   5   2   0   1   8   2   1   0  231  0    4 [80.2/0.1]
 sil   0   0   0   0   0   0   0   0   0   0   0   0   0   0   0   0   0   0   0   0   0   0   0   0   0   0   0   0   0   0   0   0   0   0   0   0   0 3360   0
Ins 1609 913  63 174 448 153  84 196 479 516 272 190 259 110 295 233  93 331 136 155 271 143 244 398 227 306 235 194 407 603 344 109 289 368 316 305 227   0
===================================================================
