====================== HTK Results Analysis =======================
  Date: Sat Oct 17 14:53:44 2020
  Ref : phones0.mlf
  Rec : recout.mlf
------------------------ Overall Results --------------------------
SENT: %Correct=0.00 [H=0, S=1680, N=1680]
WORD: %Corr=42.23, Acc=32.01 [H=24469, D=9486, S=23981, I=5923, N=57936]
------------------------ Confusion Matrix -------------------------
       a   b   r   i   v   e   t   a   d   m   n   a   z   i   l   a   s   e   j   a   p   s   u   k   e   n   y   c   w   h   u   f   o   g   d   t   o   s 
       h           y       y       e               y       h       a   h   r   h   w           w       h   g       h       h   h       w       h   h   y   i 
                                                                                                                                                           l  Del [ %c / %e]
  ah  795  5   5  35  40  37  14  58  23  23   6  88  22  54  18  151  6  113  6  70  21   8  58  18  42  37  39  15  23  33  189  9  160 20  15  33  94   0  573 [33.4/2.7]
   b  10  430  1   3  14   1  11   8  83  17   8  10   4   7   7  12   1  11   5   2  35   2   6  10   4   7   4   4   5   1   9   2   7  30  34  23   5   0  159 [51.6/0.7]
   r  64   6  614  7  40  24  56  22  14  44  11  57  19  26  17   5  78  848 17  46  22  15  42  65  19  27  30  50  44  106 27  36  44  37  19  33  110  0  718 [22.4/3.7]
  iy  21   1   5 1125 18  71  14   5   6  11  18   2  17  29   6   2  26  144  4   2   2   8  277 21  14  99  156 21   7   3  70   5  11  17   5  14  130  0  277 [47.1/2.2]
   v   8  10  10   2  329  5   8   5  12   4   2   9   3   8   7  10   0  13   6   7  13   3   3   6   2   7   0   2   3   8  11  17  14   7  12  11   3   0  158 [56.7/0.4]
  ey  16   0   1  51   2  383  7   5   1   3   3   6   1  11   2   0   5  16   0   6   5   4  17   9  24  37   2   1   4   2  14   0   4   2   1   3  33   0   82 [56.2/0.5]
   t  52   8   7  15  40  30  633 38  108 61  21  38  55  36  13  39  78  58  30  58  98  20  16  179 38  42  19  150 25  58  64  32  60  155 52  126 147  0  843 [23.5/3.6]
  ae  60   1   2   3   6  69  12 1010 14  20   2  74   7  32   2  27  29  108  7  54   5   7  21  26  84  48  26  17   5  32  58   9  14  24  10  16  34   0  389 [51.1/1.7]
   d  28  24   2   9  23  17  29  16  720 48   7  10  12  36   4   8  15  38  20  17  28   8  15  36  31  72   9  28  16  13  62   4  19  182 72  17  22   0  487 [41.9/1.7]
   m  24   6   2   1  47  14  11  10  11  788 86   8  11   5  26  10   7  28   4  16   5   3  19  11   7  67   3   8  22   9   8   4  15  19  17  10  22   0  226 [57.8/1.0]
   n  100 14  13  24  48  32  19  41  30  243 569 52  29  31  37  30   7  56  18  65  26   9  69  47  33  411 29  19  54  38  45  12  56  86  24  11  86   0  684 [22.6/3.4]
  ay  17   4   2   6   1   5   4  22   3   1   2  457  0   2   5  58   1  19   2  40   3   1   4   4   4  10   4   0   1  10  23   0   8   2   0   4  94   0   68 [55.5/0.6]
   z   5   0   0   1  20   1  11   1   5   2   1   1  837  2   5   0  25   5  36   2   1  195 19  19   6  13   1  41   6  11  11   8   7   2   1  17   8   0  111 [63.1/0.8]
  ih  266 11   3  101 32  132 25  34  28  44  15  20  28  615 10  22  15  258  9  22  12  20  171 23  69  53  60  28  16  21  174 13  69  41  26  30  147  0  772 [23.1/3.5]
   l  37   7  11  65  23   8  16   9   9  27  12  27  13   4 1025 60   8  17   5  52  20  11  12  24  12  22  25   8  99  22   6  14  277 12   9  24  201  0  525 [45.9/2.1]
  aa  30   8  27   4   9   2   8  22  10  14   6  72   3   5  22  969  7  106  3  83  11  16   7  32   7  14   4   9  75  22  11  10  98  31   8  16  117  0  619 [51.1/1.6]
  sh   2   0   0   2   1   0   0   3   1   1   1   3   8   1   1   1  596  0  11   0   0  39   3   7   2   1   1  61   1   2   3  14   0   1   1   6   2   0   60 [76.8/0.3]
  er  27   2  30   2   3   3   0  11   0   7   2  14   3  10   3   7   5  966  1  17   4   0  14  11  13   8   2   5   5   8  17   8  14   7   4   5  23   0  104 [76.6/0.5]
  jh   0   2   1   1   1   1   2   0   7   1   1   1   9   5   1   1  35   8  121  3   1   2   3   4   1   4   2  24   0   0   3   0   0   5   0   0   2   0   21 [48.0/0.2]
  aw   1   1   1   0   2   0   1  13   0   2   0   5   1   1   0  21   0   4   0  119  1   0   1   0   1   1   0   0   0   3   2   4  11   0   1   1   2   0   35 [59.5/0.1]
   p  13  16   1   3   2   2  68   5  14   3   0   6   6   6   2  13   0   3   6   3  572  3   2  38   1   4   2   9   5  14   6   2   9  26  46  50   0   0  129 [59.5/0.7]
   s  25   5   0   3   3   5  13  15   8   4  19   9  285  8   6  10  59  20  15  11  10 1502 12  31   4  11   9  75   5   5  10  36  16  15   6  57  12   0  299 [64.2/1.4]
  uw  25   0   3  48   4  21   5   4  11   6   4   1   6  21   6   2   6  39   8   3   9   5  398  4  15   7   1  24  12   9  76   8  18  28   7   5  15   0  210 [46.1/0.8]
   k  44   6   4   1   3  13  96  11  14   5  11  23  30   8   2   2  42  29   8   4  26   5   7 1064 41  20  19  63   4  51  25  12  14  126 14  23  12   0  228 [56.5/1.4]
  eh  67   1   0   7   6  33   5  130  7  12   3  18   5  27   5  23  14  57   6  33   2   2  16  15  102 19  12   5   9   8  31  10  27   6   9  16  35   0  314 [13.0/1.2]
  ng   2   1   0   4   4   1   2   3   2  17   9   2   1   0   2   0   0   4   0   1   6   0   2   2   2  268  1   0   1   1   1   1   3   4   1   2   6   0   28 [75.3/0.2]
   y   1   0   3  27   5   5   3   1   5   1   5   4   2  17   1   0  26  16  13   0   0   3   6   5   6   4  434 10   3   2   1   1   2  20   7   3  17   0  128 [65.9/0.4]
  ch   1   0   1   0   2   2   3   0   0   0   0   2   2   3   1   0  14   3  15   2   0   3   1   4   1   0   0  187  0   1   2   0   2   1   0   0   0   0   18 [73.9/0.1]
   w  11   5  14   0   5   2   6   0   4   2   7   6   4   1  62   8   1   7   2   2   7   3   2   6   0   6   3   2  790  5   4  11  20   3   3   8  35   0  168 [74.7/0.5]
  hh   4   1   2   7   5   7   2   3   3   4   7   6   3   6   6   1  38   8   1   4   0   6   5  12   3   9  67  11   2  286  2  13   8  12   6  12  10   0  280 [49.1/0.5]
  uh  23   0   4   3   2   2   6   3   1   1   1   3   4  10   3   2  16  23   6   1   2   0  16   1   3   3   0   2   4   1  160  1  17  13   1   2  16   0  143 [44.9/0.3]
   f   3   0   0   0   9   4   4   5   1   0   0   1   8   1   2   6   2   5   2   2   7   5   3   4   2   2   0   5   7   1   4  670  8   5   1  62   1   0   78 [79.6/0.3]
  ow  17   1   3   1   3   2   2   8   1   2   1   5   5   5  11  28   1  26   1  22   4   2   8   6   9   4   2   1  14   6  15   3  383  3  21   6  29   0  135 [57.9/0.5]
   g   4  11   2   8   9   8   7   5  36  13   3  10   1   5   4   0   1  16   2   5   4   0   5  68   6  20   6   2   4   6  17   0  13  509  9   1   5   0   79 [61.7/0.5]
  dh  18  14   1  11  38   4  14   5  62  28  12   7  11   7  12   7   0   8   2  21  23  10   4  15   5  21  12   3   2   9   6  17  18  19  357 92  17   0  301 [39.1/1.0]
  th   8   1   3   0   0   0   4   0   2   2   1   0   4   0   0   0   2   1   0   4   5   0   1   7   1   1   1   1   0   2   2  17   2   5  11  85   0   0   25 [49.1/0.2]
  oy   0   0   0   1   1   0   0   1   0   4   0   4   0   0   1   1   0   3   0   3   0   0   0   3   0   4   1   1   1   1   2   1   5   0   0   1  241  0   12 [86.1/0.1]
 sil   0   0   0   0   0   0   0   0   0   0   0   0   0   0   0   0   0   0   0   0   0   0   0   0   0   0   0   0   0   0   0   0   0   0   0   0   0 3360   0
Ins  197  49  86  99 133 120 213  97 114 110 109 194 114 122 145 159 157 216  95 160 119  90  96 311 169 202 108 216 138 233 291 108 194 172 168 196 423   0
===================================================================
