====================== HTK Results Analysis =======================
  Date: Sat Oct 17 15:03:02 2020
  Ref : phones0.mlf
  Rec : recout.mlf
------------------------ Overall Results --------------------------
SENT: %Correct=0.00 [H=0, S=1680, N=1680]
WORD: %Corr=28.64, Acc=25.09 [H=16592, D=21032, S=20312, I=2055, N=57936]
------------------------ Confusion Matrix -------------------------
       a   b   r   i   v   e   t   a   d   m   n   a   z   i   l   a   s   e   j   a   p   s   u   k   e   n   y   c   w   h   u   f   o   g   d   t   o   s 
       h           y       y       e               y       h       a   h   r   h   w           w       h   g       h       h   h       w       h   h   y   i 
                                                                                                                                                           l  Del [ %c / %e]
  ah  374 32  18  15  17  24  12  50  39  40  26  51  40  47  55  40   5  55  31  52  43  10  37  11  22  29  20  20  48  43  45  18  53  24  15  32  70   0 1393 [23.9/2.1]
   b   4  184  9   2  22   5   5   9  17  31  19   4  20   4  13  12   1   7  12   8  31   1   9  11   8   4   0   6  15  19   5  10   6  14   6  11   9   0  439 [33.3/0.6]
   r  16  48  638 19  35  24  10  24  19  65  32  42  33  23  46  12  19  254 32  42  59   6  61  31  10  39  11  37  66  72  12  14  36  34  15  61  109  0 1353 [30.3/2.5]
  iy  18  17   6  707 25  86   7  10  30  21  13  16  60  49  11  10  10  76  28  10  18  13  90   4  12  92  62  23  41  48  46  12  11  17   6  21  30   0  908 [40.3/1.8]
   v   1  17   5   2  94   9   5  10   7  27  14   6   7   9  10   5   2  12   2  11  15   1   5   3   2   9   3   4  10  12   8   9  12   9   2  12   9   0  358 [24.7/0.5]
  ey   4   4   7  16   4  290  3  16   5   4   2  19   7  18  10   1   0  10   7   3   3   0  18   1   5  18   2   5  10   9  10   2   4   5   2   1   8   0  230 [54.4/0.4]
   t  38  47  31  17  42  41  445 49  96  79  38  38  99  36  57  18  12  62  92  49  39   5  41  22  28  63  12  70  42  48  32  32  28  36  22  56  71   0 1509 [21.9/2.7]
  ae  18  13  14   8  15  59   5  870 19  25  15  29  19  41  14   5   5  57  11  38  18   9  29   4  59  33  34  10  32  35  18  11  15  10   5  21  33   0  708 [52.5/1.4]
   d  16  45   5   5  21  21  26  17  453 39  31  22  15  21  22  14   5  37  41  14  38   6  37  25  31  47  14  27  24  20  22  13  13  59  13  27  25   0  893 [34.6/1.5]
   m   4  32   8   5  28   7   9  16  19  342 42  15  42  14  24  10   3  20  15  17  29   3  19  11  11  15   5   9  48  33   5  16  12  21   5  20  16   0  640 [36.0/1.0]
   n  44  48  20  31  25  36  13  31  50  85  521 48  41  19  61  20   8  65  29  46  57  15  48  15  27  77  10  23  62  84  28  18  33  35  24  38  44   0 1318 [27.7/2.3]
  ay   2   4   7   2   8  11   2  18   4  17   2  421  3   6   2  27   1  10   1  16   7   1   3   1   5  11   0   2   5  11   4   3   8   2   0   3  24   0  237 [64.4/0.4]
   z   5   9   8   7   9   7  13  14  16   9  10   4  624  5  11   8   7  13  31   9  15  81  28  15   4  20   3  16  12  13  10   9  17   9   3  46  17   0  300 [54.9/0.9]
  ih  49  21  18  63  23  55  16  41  37  48  31  33  49  427 18  16   9  70  29  30  43   7  77  12  43  46  34  30  41  44  60   9  36  35  18  33  85   0 1699 [24.6/2.3]
   l  20  21   9   7  35  25  10  20  14  41  21  33  30  18  847 36   1  29  15  35  32   5  28  22   8  30  14  17  87  44  10   9  80  17   9  31  63   0  985 [47.8/1.6]
  aa  15  21   6   4  17  11   7  22  26  31  12  48  33  10  34  799  3  29  15  60  27   6  17   6  10  13   7  18  31  48   9   9  40  21   8  22  158  0  864 [48.3/1.5]
  sh   2   0   3   4   1   2   0   3  21   0   3   4  15   1  10   1  413  6  19   1   5  15  13   0   2   5   3  53   7   6   3   6   3   2   1   8  12   0  183 [63.2/0.4]
  er   8  10  46   4   7   7   6  11   7  18  15  13  13  14  13   7   1  545 15  10  14   3  19   4   6   4   0   9  19  15  11   3  21  12   6  13  32   0  404 [56.7/0.7]
  jh   1   2   2   4   0   1   2   2   5   2   1   1   6   0   2   2   4   9  95   0   1   0   0   2   0   3   0  25   2   5   3   3   1   2   1   3   2   0   79 [49.0/0.2]
  aw   0   1   0   0   1   0   0   6   2   3   0   7   0   2   3   8   0   2   3  99   3   0   0   1   1   0   2   0   3   5   1   1   6   2   1   2   5   0   65 [58.2/0.1]
   p   7  34   1   5  13   7  15  12  29  20  12   9  17   4   9   4   2   7  10  11  284  0   4  12   4   8   5  13  23  23   8  11   9  12   5  14   6   0  421 [42.5/0.7]
   s   5  19   9   4  10  23   6  20  18  14  12  10  234  6  19  13  18  23  45  27  12  910 16  10   8  25   8  48  20  22  16  13   9  17   5  49  27   0  888 [52.0/1.4]
  uw   2   7   4  17   5   4   2   5  22  15   5   6  18  15   5   5   4  19  13  11   6   4  304  6   5  27   9  11  19  12  11  10   2  12   1   6  13   0  432 [47.4/0.6]
   k  19  22   9   8  29  20  23  21  74  43  17  27  65  23  17   9  15  30  41  24  49   5  17  303 10  57   9  39  26  35  14  22  16  38   9  21  43   0  861 [24.3/1.6]
  eh  10   8   4   8   6  16   4  54  10  13  11  22  13  15   8   9   6  22   5  22  10   3  10   4  155  8   6  14  16  20   6   3  15   5   3   7  28   0  518 [26.8/0.7]
  ng   4   2   1   8   7   6   2   3   1  10   8   2   3   0   9   2   1   7   4   4   7   0   6   0   1  102  0   1   8   7   4   2   4   8   2   6   7   0  135 [41.0/0.3]
   y   1   6   1   7   2  12   4   2   5   6   5   8   7   4   2   1   3   5  10   4   8   2   7   2   7   6  216  9   5  12   3   6  10   7   8   4  31   0  349 [49.3/0.4]
  ch   1   2   0   0   1   3   7   1   1   4   3   2   2   2   2   0  11   3  15   3   0   3   5   0   0   1   2  135  3   0   0   1   2   0   0   1   2   0   53 [61.9/0.1]
   w   5  21   3   4  10   7   0  11  16  26  17   5  13  10  12   7   1  10   7   4  18   1  12   7   0   6   3  10  477 47   3   6   7  14   4   8  54   0  359 [55.1/0.7]
  hh   5  13   2   4   8   8   1   3  10  22  17   4   9  15  13   5   3   2   5   2  24   4  14   5  12   9  16   7  19  137  3  12   8  15   8  10  11   0  397 [29.5/0.6]
  uh   2   8   0   3   5   1   1   4   4   6   4   6   2   9   3   3   2  16  13   6   4   1   3   2   9  10   2  10   4   7  52   4   7   6   3   1  13   0  263 [22.0/0.3]
   f   5  13   3   7  16   2   4   3   3   8   6   7   8   7   3   2   6   8   4  13  12   3   8   4   5   6   3   5  14  18   2  285 18   7   5  30   8   0  359 [50.8/0.5]
  ow   2   4   3   3   1   8   5   8   7  12   5   5  12   7  26  15   2  12   8  47   7   2   6   3   6   5   1   2  13  11   6   1  235  6   4   6  19   0  271 [44.8/0.5]
   g   5  14   3   8  12  15   4  15  17  14  13  13   3   7   7   3   2  15  10   8  21   1  14  15   4  31  11   2  21  19   9   6   2  135  4  10   9   0  402 [26.9/0.6]
  dh  11  24   8   7  29   5   8   9  24  32  31  10  15  11  11   7   1  15   5   8  34  10   8   7  10  16   3   8  16  14  15  20  11  15  76  26  19   0  634 [13.1/0.9]
  th   0   5   0   0   2   2   1   4   1   2   1   2   5   2   4   0   0   2   1   0   7   2   0   0   1   2   1   1   3   2   0   4   0   3   2  56   1   0   79 [47.1/0.1]
  oy   5   4   0   0   2   3   0   1   1   1   0   4   0   2   1   2   0   5   1   1   1   0   1   0   1   4   1   1  10   6   0   0   0   4   1   1  182  0   46 [74.0/0.1]
 sil   0   0   0   0   0   0   0   0   0   0   0   0   0   0   0   0   0   0   0   0   0   0   0   0   0   0   0   0   0   0   0   0   0   0   0   0   0 3360   0
Ins   25  73  27  15  58  42  35  75  62  88  77  57  65  36  52  63   8  75  67  77  82  16  63  25  46  91  33  54  97  87  33  36  51  68  29  62 105   0
===================================================================
