====================== HTK Results Analysis =======================
  Date: Sat Oct 17 15:05:22 2020
  Ref : phones0.mlf
  Rec : recout.mlf
------------------------ Overall Results --------------------------
SENT: %Correct=0.00 [H=0, S=1680, N=1680]
WORD: %Corr=41.15, Acc=32.59 [H=23841, D=11032, S=23063, I=4959, N=57936]
------------------------ Confusion Matrix -------------------------
       a   b   r   i   v   e   t   a   d   m   n   a   z   i   l   a   s   e   j   a   p   s   u   k   e   n   y   c   w   h   u   f   o   g   d   t   o   s 
       h           y       y       e               y       h       a   h   r   h   w           w       h   g       h       h   h       w       h   h   y   i 
                                                                                                                                                           l  Del [ %c / %e]
  ah  879 20   3  38  27  31  26  69  17  30  23  66  70  110 97  177  7  107  8  59  31   9  56  17  29  23  25  11  18  13  23   9  51  44  10  15  29   0  679 [38.6/2.4]
   b   4  547  2   1  12   2  15   3  72   6   8   6   6   1   4   5   0   7   2   1  61   5   2  14   0   6   3   9   8   1   9   3   5   9   6   2   6   0  139 [64.1/0.5]
   r  66  32  636  4  41  18  34  42  20  58  34  56  36  57  65  29  36  702 21  47  29  13  86  99  18  29  24  43  32  27  32  12  48  51   9   9  47   0  817 [24.1/3.5]
  iy  33   7   8  977 22  162  3   8  14  28  24   1  16  91   3   3   9  119 12   6   9  18  333  9  10  90  131 21   9   8   6   2   9  89   5   5  29   0  335 [41.9/2.3]
   v   4  21   9   4  258  7   5   7  17   7   5   5  12   4   8  23   2   8   6   5   6   9  10   9   7   1   7   3  17   5   4  34   6   7  16  15   4   0  161 [44.7/0.6]
  ey  13   3   1  29   3  359  5  18   2   5   4   6   5  56   3   3   0  11   7   3   3   4  32   6   9  38   3   1   5   7   2   0   2  10   0   1   9   0   95 [53.7/0.5]
   t  75  62  11  12  64  33 1030 25  167 82  62  54  42  31  79  34  24  63  42  32  133 22  27  83  27  31  17  66  19  28   9  18  20  66  27  23  52   0  850 [38.3/2.9]
  ae  90  17   4   4  12  71  24 1103  7  14   4  74  12  68  13  28   8  70   9  55  10   8  28   7  60  35  33   5  13  26   4   3   8  19   4   8  11   0  395 [56.0/1.5]
   d  27  56   2   4  30  14  118 20  824 52  28  11  14  30  12  18  10  34  10   8  57  19  27  56  17  50   6   7  14   9   5   2  10  60   9  20   6   0  508 [48.6/1.5]
   m  31  36   4   8  36   6  16  16  38  677 171  8  11  12  15  13   1  25  11  10  13  14   8  10  10  29  10  25  22   9   4   2   8  20   5   3   9   0  244 [50.3/1.2]
   n  86  33   9  24  51  48  22  50  28  235 956 42  28  26  73  49   5  45  14  21  30  11  40  31  47  201 17  24  31  16  12   8  57  58  11  14  29   0  715 [38.5/2.6]
  ay  14   3   1   6   4   4   3  46   2   7  10  410  5  21   1  83   0  16   0  26   3   3   3   4   3  20   2   3   3   5   1   1   3  18   0   1  50   0  106 [52.2/0.6]
   z  15   6   0   3  21  12  24   2   4   6  41   1  790  9   5   6   5   8  47   1  34  118 23   7   0   8   2  34   6   9   4   9   3   5   9  25   2   0  133 [60.6/0.9]
  ih  333 20   5  94  34  110 30  62  55  28  32  32  68  639 22  39  19  141 18  21  27  19  211 15  45  38  61  33  14  10  15   4  23  44   9  21  37   0 1007 [26.3/3.1]
   l  78  12  19  71  13  12  19  11   9  33  27  32  26  13  908 80   5  22   6  46  18  22  24   9   4  17  15  13  119 15  107  5  115 22   9  11  222  0  569 [41.5/2.2]
  aa  22  24   4   3  11   4  10  17   3  11  11  48   6   4  85  988  5  69   4  76  24   6  10  30   7   6   9  27  56  13  48   5  86  11   7  13  81   0  673 [53.6/1.5]
  sh   4   4   0   1   2   1  11   1   1   1   4   4  10   1   3   1  519  5  16   0   2  26  10   2   3   1   1  87   1   1   0   5   0   5   0   0   5   0   98 [70.3/0.4]
  er  33   9  33   1  10   2   4  16   7   4   1   7  15  23  24  14   4  895  4  13   5   5  25   8   3   6   0   8   3   2   4   0   8  18   1   0  11   0  139 [73.0/0.6]
  jh   2   1   0   3   5   0  13   0   4   0   0   0   3   3   3   3  12   3  116  1   5   4   9   0   0   2   0  33   0   0   0   0   0   6   1   0   3   0   38 [49.4/0.2]
  aw   0   2   1   0   2   1   1  10   0   0   0   6   0   1   7  14   0   7   1  118  1   1   0   3   1   0   2   1   2   2   1   1   3   2   1   2   0   0   41 [60.8/0.1]
   p   9  74   2   1  20   3  49   7  30   3   3  11   1   2   2   6   2   5   8   9  563  6   4  37   1   6   0   7   3   9  12   4   2   4   4   9   1   0  171 [61.3/0.6]
   s  16  10   3   4   5   7  16   9  15   3  16  10  256  2   6  24  31  12  31   4  12 1515 19   4   5  16   5  89   5   5   8  21   4  16  17  38   5   0  374 [66.9/1.3]
  uw  23   5   3  44   4  21   6   4   9   4  11   1   6  29  15   0   3  26  13   4   5   5  476  3   3   6   4   9   9   0   3   1   8  25   1   5   3   0  277 [59.7/0.6]
   k  33  16   0  10  31  33  137 16  45   7  29  22  52  24   4   4  24  23  28   4  78   9  12  824 11  50  20  32   4  11   6   4   4  105 10   9   8   0  371 [47.4/1.6]
  eh  87   6   3   6   6  20   5  121 22   1   2  30  14  47   8  34   3  46   3  28   8   5  21   4  131 16   5  13   6   5   6   7  20  11   5   7   9   0  326 [17.0/1.1]
  ng   3   1   0   3   9   7   1   1   4  19  27   2   0   0   3   4   0   4   1   1   6   3   3   5   1  203  2   0   6   3   1   0   1   9   1   1   1   0   48 [60.4/0.2]
   y   3   6   3  20   4   8  22   2  12   1   7   2   3   8   3   2  13   5  17   2   4   6  10   3   3   5  356 12   0   2   0   0   1  16   1   4  19   0  202 [60.9/0.4]
  ch   2   0   0   0   0   1  13   2   1   1   2   1   0   1   1   0  19   1  19   0   3   5   6   1   0   1   0  158  0   1   0   0   0   2   1   1   1   0   27 [64.8/0.1]
   w  10  14  16   1   4   3   6   6   4   2   4   1   2   5  21   7   1   7   3   2   4   5   7   3   0   5   1  14  820  6  29   6   7   6   0   4  50   0  139 [75.5/0.5]
  hh  14   8   3   3  11   6   7   4   9   9  12   5   3   4   7   3  27  11   6   2   9   9  10   6  23   7  48  17   4  209  6  20   6   8   4  10   4   0  308 [37.7/0.6]
  uh  25   6   2   7   0   4  15   6   4   2   3   4   2  25   7   7  16  34  20   1   2   3  32   0   2   0   1   6   4   1  20   2   2  23   1   2   5   0  203 [ 6.8/0.5]
   f   5   4   1   2  18   0   3   3   0   1   2   3  10   4   2  14   4  10   5   4   9  11   5   2   2   4   2   3   1   1   5  626  3   4   9  48   3   0   87 [75.2/0.4]
  ow  19   7   1   2   4   2   4  14   1   5   3   9  22   8  59  40   0  20   1  32   3   4  11   2  11   2   0   1  11   5  13   1  267  9   0   2  13   0  188 [43.9/0.6]
   g   8  21   2   4  21  10  18   9  34  23  11   6   0   3   6   6   2  22   2   5  29   3  16  143  5  35   8   2   5   5   2   2   7  270  5   4   3   0  147 [35.7/0.8]
  dh  26  124  1   9  37   5  20   6  55  45  10   3   9   6   3   9   3   5   2   6  91  14   9  11   7   8  18   2   4  10   2  22   2  27  154 82   5   0  361 [18.1/1.2]
  th   5   3   0   0   6   0   6   1   1   2   4   1   5   0   2   2   1   1   1   0   7   5   1   4   0   1   2   1   0   1   2   7   0   4  10  69   0   0   43 [44.5/0.1]
  oy   6   2   1   0   0   5   1   2   0   4   0   5   0   3   2   5   0   5   1   5   0   0   0   3   5   1   1   1   9   1   0   0   8   6   0   1  191  0   18 [69.7/0.1]
 sil   0   0   0   0   0   0   0   0   0   0   0   0   0   0   0   0   0   0   0   0   0   0   0   0   0   0   0   0   0   0   0   0   0   0   0   0   0 3360   0
Ins  206 179  59  98 171 103 122 153 166 120 196 107 110 165 155 219  86 174  91  96 198 140 189 137  83 165  76  89 152  93 150  63 167 166  31  73 211   0
===================================================================
