====================== HTK Results Analysis =======================
  Date: Sat Oct 17 15:14:17 2020
  Ref : phones0.mlf
  Rec : recout.mlf
------------------------ Overall Results --------------------------
SENT: %Correct=0.00 [H=0, S=1680, N=1680]
WORD: %Corr=36.60, Acc=25.66 [H=21206, D=9815, S=26915, I=6342, N=57936]
------------------------ Confusion Matrix -------------------------
       a   b   r   i   v   e   t   a   d   m   n   a   z   i   l   a   s   e   j   a   p   s   u   k   e   n   y   c   w   h   u   f   o   g   d   t   o   s 
       h           y       y       e               y       h       a   h   r   h   w           w       h   g       h       h   h       w       h   h   y   i 
                                                                                                                                                           l  Del [ %c / %e]
  ah  827 34  21  30  74  20  12  45  27  45  10  51  21  66  40  116  4  153 22  88  45  11  51  15  76  15  25  10  39  26  165 25  51   6  22  45  37   0  586 [34.9/2.7]
   b   5  361  7   2   9   3  10   9  49  12   3   6   3   6   0  12   1  10   9   8  61   2   6   4   3   4   5   3  14  13  25  47   3   5  54  71   2   0  145 [42.6/0.8]
   r  48  97  704 13  76  35  16  38  51  42  22  86  17  29  72   8  13  425 27  93  57  11  93  55  20  24  21  37  41  64  83  42  55  14  65  65  118  0  682 [25.4/3.6]
  iy  42  15   6 1198 41  85   4   9  36  65  19  14  13  92   2   6   4  74  12   9  15   6  290 10  20  48  62  18  24   6  54  12  17  12  23  29  17   0  255 [49.7/2.1]
   v  11  35   3   5  183  4   9  10  24  20   8   8   3  13   9  13   1  16   7  11  28   4   5   4   6   6   2   5   9   6  17  17   6   6  29  28   2   0  165 [31.9/0.7]
  ey  17   8   4  23   7  368  2  13   8   6   3  14   0  17   5   3   1   8   5   3   6   5  20   1  11  50   5   2   7   0  18   7   3   1   8   8  14   0   82 [54.0/0.5]
   t  62  79  29  32  130 28  353 42  199 88  12  53  54  51  42  32  22  76  138 56  143 36  26  67  42  48  12  111 18  51  91  90  23  58  102 155 79   0  812 [12.9/4.1]
  ae  57  20   6   3  24  43  11  981 17  17   4  60   5  34  10  18   6  129 19  56  34  10  25   9  112 38  13  10  11  19  88  20  10   6  43  35  21   0  340 [48.5/1.8]
   d  35  53  11  12  58  11  20  19  690 72  10  13  10  51  14  13   6  45  46  29  62  13  16  17  32  27   3   9  17   7  44  42  11  36  100 77  19   0  454 [39.4/1.8]
   m  12  23  11   3  33  13  18  17  18  597 130  9   6  19  11  17   0  34   6  10  29   9  11   5   6  43   5  21  11  22  16  25   8   6  47  36   8   0  295 [46.1/1.2]
   n  51  29  18  15  62  32  45  27  44  289 582 48  20  48  79  29   5  95  41  51  49  16  36  31  65  125 13  25  48  49  62  48  63  15  74  65  45   0  758 [23.9/3.2]
  ay  15  12   1   6   7   8   0  14   2   2   4  478  4   8   9  23   0  33   6  56   7   1   3   0   1  11   8   0   8  15   6   8   4   7   5   9  41   0   69 [58.2/0.6]
   z  14  23   6   4  28   9   5   5   7  25   6   6  462 18   6   1   3  31  81  10  17  201 38   3  10  19   3  41  12   5  24  26   6   2  18  48   9   0  205 [37.5/1.3]
  ih  163 25  25  72  50  62  15  46  41  64  16  39  27  629 10  19  14  177 35  25  47  19  139 12  70  33  28  33  32   5  365 24  24   9  32  77  41   0  891 [24.7/3.3]
   l  57  108 54  11  20  41  17  11  20  56  28  25  12  19  885 105  3  62  18  46  40   7  45   9  12  17  13   6  157 42  26  15  53   9  37  40  185  0  447 [38.3/2.5]
  aa  12  87   3   7  24   6   8  20  11  11   4  55   3  10  62  980  5  61   6  142 30   9  10   8  14  13   2  23  55  43  15  17  48   5  30  47  146  0  485 [48.2/1.8]
  sh  10   9   1   0   4   3   2   4   4   4   2   3   7   4   1   0  403  6  45   6  10  49  10  10   5   2   1  103  2   0  10   8   1   0  15  12   8   0   72 [52.7/0.6]
  er  50  18  62   3  29   7  10  12   9   6   3  14   3  30  17   8   4  714 16  19  15   0  19  10   7  12   2  12  10  14  32  13  25   1   4  13  19   0  123 [57.5/0.9]
  jh   1   2   2   1   1   0   5   3   5   2   1   3   4   5   2   0   3   2  122  1   1   4   6   1   1   3   1  20   1   2   6   2   1   4   1   6   7   0   41 [52.6/0.2]
  aw   3   3   2   0   5   0   1  13   0   2   0   5   1   1  11  13   0   4   0  121  2   0   0   0   5   1   1   1   1   1   2   3   1   0   2   0   1   0   29 [58.7/0.1]
   p  10  71   4   4  22   2  13   8  15  12   2  11   3   4   3  17   4  11  27  10  325  6  13  32   4   5   2   7  14  37  15  51  12   4  31  73   4   0  202 [36.6/1.0]
   s  19  22   9   4  17   4   5  11  17  18   5  14  129 12   7  18  13  26  85  20   9 1576 29   7  13   8   6  96  11   3  31  19   5   5  10  48   7   0  300 [67.4/1.3]
  uw  22   8   7  48  19  15   2   5  12  12   2   2   7  36   6   1   1  37  48   4   7   3  514  5   0   4   3   6  10   1  48   7   8   4   9  18  10   0  123 [54.0/0.8]
   k  41  35   4  12  48  13  40  19  48  16   8  33  21  24   6  14  10  49  48  26  135  3  13  485 15  30   4  50  11  37  48  74  16  39  46  134 16   0  439 [29.0/2.0]
  eh  43  20   9   4   8  13   3  84   8   5   3  40   3   9  13  10   1  62   5  40   8   2  10   1  272  7   3  10  11   4  49  13  21   2  29  21  14   0  237 [31.6/1.0]
  ng   4   3   0   6   2   5   6   0   2  25   5   4   1   0  10   2   1  12   7   3   3   0   7   1   1  128  2   3  12   3   4   4   1   0   3   8   2   0  104 [45.7/0.3]
   y   6   3   1  40   3   8   4   0  24  24   6  11   4  12   5   0  11  13  24   6   7   3  11   6   4   7  237 27   2   3   3   5   4  27   8  17  20   0  191 [39.8/0.6]
  ch   0   5   0   0   3   1   0   2   1   0   1   2   3   0   3   2  16   1  40   2   2   4   1   1   2   0   0  116  3   2   5   7   1   0   4   9   1   0   31 [48.3/0.2]
   w  11  65  13   2   4   1   2   4   7   6   3   3   4   0  14  16   3   6   0   5   9   5   9   6   3   2   2  12  800  8   3   5   2   1  22   9  39   0  119 [72.3/0.5]
  hh   8  21  12   4  12  10   4   6  28  11  15   3   5   6   7   3   3   6  14   4  45   4   8   9  45   8  17   8   8  185 11  20   7   6  46  26   5   0  222 [28.9/0.8]
  uh  16   5   3   2   7   4   2   1   2   8   1   4   0  10   7   4   3  15   9   3   3   0  14   0   1   3   1   8   9   1  181  3   3  10   3   7   7   0  139 [50.3/0.3]
   f   9  41   7   6   7   0   6   1   6   4   2   2   6   4   4  13   3  12  13   6  32   9   9  11   6   3   0   7  13   9  22  329  5   4  22  114  8   0  165 [43.6/0.7]
  ow  35  34   2   1  13   0   2   7   2  10   1  19   3   6  62  16   0  50  10  41   7   3   4   3  13   2   0   5  12  12  14   9  216  3  19   8  18   0  134 [32.6/0.8]
   g  20  29   7   2  15   4  10   6  61  28   8  14   0   3   9   8   0  21   7  10  66   2   7  42  11  14   4   2  18   4  27  28  12  137 29  45   2   0  192 [19.2/1.0]
  dh  10  52  10   5  12   4   7  13  43  26   9   7   6   8  12   5   5  19   3   7  45  10  13   7  11   4   9   2   3   6  43  62   3   6  392 86   8   0  240 [40.3/1.0]
  th   4   6   0   0   4   0   0   4   0   3   1   0   0   1   0   3   2   1   3   2   7   2   3   2   5   1   0   2   1   1   0   9   1   0   7  88   2   0   33 [53.3/0.1]
  oy   1   4   1   1   0   0   1   1   1   2   0   4   0   0   0   3   1   4   0   5   1   0   1   0   0   0   0   1   4   5   0   0  13   0   3   0  227  0    8 [79.9/0.1]
 sil   0   0   0   0   0   0   0   0   0   0   0   0   0   0   0   0   0   0   0   0   0   0   0   0   0   0   0   0   0   0   0   0   0   0   0   0   0 3360   0
Ins  239 329 116  92 233 149  96 108 165 260  93 143  81 133 142 167  47 337 163 188 194  81 157  74 142 126  81 113 188 224 305 226 165  58 275 274 378   0
===================================================================
