====================== HTK Results Analysis =======================
  Date: Sat Oct 17 15:15:26 2020
  Ref : phones0.mlf
  Rec : recout.mlf
------------------------ Overall Results --------------------------
SENT: %Correct=0.00 [H=0, S=1680, N=1680]
WORD: %Corr=42.65, Acc=29.00 [H=24711, D=7725, S=25500, I=7909, N=57936]
------------------------ Confusion Matrix -------------------------
       a   b   r   i   v   e   t   a   d   m   n   a   z   i   l   a   s   e   j   a   p   s   u   k   e   n   y   c   w   h   u   f   o   g   d   t   o   s 
       h           y       y       e               y       h       a   h   r   h   w           w       h   g       h       h   h       w       h   h   y   i 
                                                                                                                                                           l  Del [ %c / %e]
  ah  700 25   7  50  55  27  191 63  19  51  14  89  29  105 48  135  6  112 26  69  41   9  40  13  24  22  26  23  25  19  197  6  99  23  13  13  36   0  506 [28.6/3.0]
   b   1  468  2   2  16   0  39   2  69  15   7   2   7   5   0   9   0   2   6   6  61   1   3   4   4   8   5   4  12   2   7   4   6  13  43  15   8   0  134 [54.5/0.7]
   r  41  24  598 11  147 35  205 21  44  27  23  80  15  56  50  15  42  597 24  41  64  19  70  74  16  31  16  49  37  90  50   9  44  47  35  19  87   0  606 [21.0/3.9]
  iy   8   6  14 1312 33  92  35  16  18  39  36   7  11  48   3   2   9  143 14   4  22   8  251  3  12  94  63  13   9   4  18   7  23  47   9  11  28   0  192 [53.1/2.0]
   v   6  25  10   2  274  3  66   6  14  16   8   7   5   6   6   3   2   9   4   8  13   3   8   2   4   4   4   4  11  10  16   9   6  11  21  14   5   0  113 [43.8/0.6]
  ey   3   0   0  36   8  388 24  13   4   5   3  12   3  47   4   1   1  27   5   1   3   5  16   1  10  38   1   2   1   0   5   1   6  12   2   3   7   0   65 [55.6/0.5]
   t  21  30  10  13  96  37 1357 14  130 48  24  41  33  35  46  16  23  32  112 30  104 22  19  53  26  33  17  80  15  50  59  19  36  109 20  72  59   0  601 [46.1/2.7]
  ae  50  10   2   1  11  76  68 1062  8  11   4  102  6  61   4  18  18  126 17  70  20  12  21   5  73  29  18  10   7  21  39   8  19  20   9   8  19   0  301 [51.5/1.7]
   d  16  47   7   9  66  14  195  8  770 70  16  12  13  22   6   7  11  22  33   6  65  22  17  14  23  33  11  14  11   8  22   5  20  82  47  29  16   0  415 [43.0/1.8]
   m   6  29  11   0  46  14  16  21  21  609 263 10  12  13  10  16   2  28   7  15  21   9   4   6   3  37   3  17  17   7  12   3   7  31  27   8  20   0  209 [44.1/1.3]
   n  40  24  10  12  108 49  72  36  37  3041101 34  18  32  58  28  10  58  33  34  48  19  34  19  26  182 20  20  28  12  48   8  54  49  22  23  33   0  454 [40.1/2.8]
  ay   4   6   0  10   4   8  51  12   0   2   4  524  1   3   6  43   1  24   3  34   4   3   4   2   1   9   1   0   2   3   1   1   7   5   1   3  40   0   64 [63.4/0.5]
   z  14   4   1   5  39   4  25   5   3   7   6   4  699  7   0   7   7   4  69   1  37  140 18   7   7  17   2  53   6   5  15  21   3   4   7  46   2   0  136 [53.7/1.0]
  ih  204  7   8  90  56  79  109 75  43  48  19  39  26  781  5  23  12  279 23  18  46  22  158 11  45  52  42  34  20   6  201  6  71  44  22  24  48   0  639 [27.9/3.5]
   l  48  26  86  66  50  40  67  13  10  61  30  37  16   9  763 64   4  34   8  44  39  21  27  10   8  19  10  11  170 21  58   4  120 38  17  14  296  0  399 [32.3/2.8]
  aa  35  14   1   7  10   3  46  20   9  10   8  136  5   4  58 1111  4  87   6  83  28  12  13  17   6   5   1  25  42  17  13   2  60   9  13  14  154  0  429 [53.2/1.7]
  sh   1   5   1   1   2   0  11   2   1   1   1   4   6   3   1   0  539  3  21   0   3  44   4  45   2   1   2  80   0   0   3   2   1   0   5   2   2   0   37 [67.5/0.4]
  er  32  10  26   3  25   8  50  15   4   9   2  15   0  22   9   9   3  853  9  13  11   5  21   5   6   4   1   3   5   8  25   5  22   2   2   4  14   0  105 [67.7/0.7]
  jh   1   0   0   1   5   0  14   3   2   3   2   4   4   3   0   0  13   2  124  0   3   9   9   3   0   6   0  23   1   1   4   0   3   6   2   0   0   0   22 [49.4/0.2]
  aw   1   2   1   0   1   0   4  14   0   0   1   6   2   0   9  20   0   6   2  120  1   0   0   1   0   1   1   0   1   0   2   3   2   4   1   0   5   0   24 [56.9/0.2]
   p   9  64   1   3  10   4  55   9  31   4   1  14   5   4   2   8   3   3  19   3  561  0   5  24   4   5   2   9   8  15  11   2   5   6  26  17   4   0  134 [58.7/0.7]
   s  19  17   4   2  19   3  33  16  12   9  16  17  168 12   3  19  33   9  45  10  15 1620 15  15   8  14   5  112  3   1  26  23   7   7   4  43  11   0  243 [67.6/1.3]
  uw   6   4   8  45  14  19   9   5  19   7   5   3  13  37   6   3   3  37  32   4  13   6  464  9   1  10   4  11  11   2  28   3  14  35   2   4   8   0  170 [51.3/0.8]
   k  21  20   3   6  22  14  228 10  54   5  10  39  15  33   2  22  24  16  66  10  175  8   9  613 19  38  12  64  10  27   9  13  12  88  27  44  20   0  302 [33.9/2.1]
  eh  44   7   5   3  10  24  59  82  17   6   7  48   4  31   3  21   5  56  10  31  14   5   6   5  199 15   8   8   6   6  37   3  61   8  12   7  18   0  206 [22.3/1.2]
  ng   0   2   0   5  16   5   4   2   1  20  19   1   0   0   8   3   0   5   4   1   4   0   6   2   0  219  2   0   5   4   0   1   0   8   4   1   0   0   32 [62.2/0.2]
   y   0   4   1  31   1  11  35   0  10  10   5   6   0   8   0   1  14   3  29   0   5   5   7   6   4   3  407 17   3   2   0   2   2  16   4   5  15   0  115 [60.6/0.5]
  ch   2   2   2   0   3   1   3   3   1   0   3   5   2   1   0   0  11   0  30   2   3   4   2   3   1   1   0  155  2   1   3   0   1   1   0   0   3   0   20 [61.8/0.2]
   w   9  13  19   0   5   5   3   0   1   4   2   6   0   2  18   7   1   9   1   6  23   1   9  20   3   3   2   8  860  2   5   2   2   1   6   3  85   0   79 [75.0/0.5]
  hh   1   9   2   5   8  10   2   3   5  10  10   6   2   5   5   1  29   3  14   6  23   6  14   5  10   3  65  14   7  224  9  12  11  15  30  13   4   0  261 [37.3/0.7]
  uh  12   4   5   3   3   2  22   6   2   4   3   3   1  18   8   5  23  31  23   1   4   6  21   2   4   3   1   7   6   0  62   1  12  28   2   1   8   0  152 [17.9/0.5]
   f   1  13   1   1  13   2  18   3   0   2   2  11   4   6   3   6   2  14  11   6  46   9   6  10   5   4   3  11  13   1  12  466  7   6  13  95   5   0   89 [56.1/0.6]
  ow   6   6   1   2   8   1  21  15   4   8   2  16   3   7  34  18   0  20   4  28   4   6   5   2   4   2   0   3   3   5  27   3  403  0   2   2  22   0   99 [57.8/0.5]
   g   0  26   2   4  11   4  50   7  65  20   8   9   1   4   2  12   3   8   2   8  60   5   5  67   6  19  17   0  15  15  11   3  15  262 29   4   3   0  122 [33.5/0.9]
  dh   8  84   8   7  27   0  34   8  32  44  24   3   8  21   6   6   0   9   4   9  48  12   6   6  11   9   9   2   6   4  40  29   7  19  364 71   3   0  225 [36.8/1.1]
  th   0   1   1   1   4   1   7   0   6   1   1   1   2   0   2   1   1   3   2   3  16   9   3   1   2   1   0   0   0   0   8   6   1   2  12  79   3   0   17 [43.6/0.2]
  oy   0   0   0   0   0   2   0   0   0   0   0   5   0   1   0   8   1   2   0   5   0   0   0   1   0   0   0   1   3   0   0   0  13   1   0   1  240  0    8 [84.5/0.1]
 sil   0   0   0   0   0   0   0   0   0   0   0   0   0   0   0   0   0   0   0   0   0   0   0   0   0   0   0   0   0   0   0   0   0   0   0   0   0 3360   0
Ins  167 233 100 100 305 162 633 203 200 223 182 202 109 225 170 201  86 255 211 214 423 150 162 235 121 219 103 194 230 159 307  97 310 172 188 166 492   0
===================================================================
