====================== HTK Results Analysis =======================
  Date: Sat Oct 17 15:07:19 2020
  Ref : phones0.mlf
  Rec : recout.mlf
------------------------ Overall Results --------------------------
SENT: %Correct=0.00 [H=0, S=1680, N=1680]
WORD: %Corr=41.02, Acc=29.02 [H=23768, D=8836, S=25332, I=6954, N=57936]
------------------------ Confusion Matrix -------------------------
       a   b   r   i   v   e   t   a   d   m   n   a   z   i   l   a   s   e   j   a   p   s   u   k   e   n   y   c   w   h   u   f   o   g   d   t   o   s 
       h           y       y       e               y       h       a   h   r   h   w           w       h   g       h       h   h       w       h   h   y   i 
                                                                                                                                                           l  Del [ %c / %e]
  ah  987 25   7  37  22  62   3  76  35  18   7  61  17  32  39  84   9  80   5  63  35  16  95  12  22  29  24  13  24  18  188  5  166 31  16  16  86   0  491 [40.0/2.6]
   b   5  506  0   1   9   6   4   3  72  13   4   8   5   5   1   5   1   6   7   6  28   0   0   4   0   6   3   8   9   3   3  10  13  29  71   4   8   0  126 [58.4/0.6]
   r  106 39  628  5  47  65  16  35  46  43  14  50  16  36  28  13  86  717 18  51  72  12  32  52  14  21  23  54  46  50  69  40  52  85  47  35  118  0  578 [21.8/3.9]
  iy  40   8   5 1021 14  300  5   4  14  12  18   6  26  81   0   0  25  94  10  13  21  17  36  23  10  121 119 24  11   7  51   5  10  56   7  11  152  0  287 [43.0/2.3]
   v  10   8  13   1  352  8   7   5   6   6   2   5   3   4  14   6   2   5   6   8  12   8   9  10   4   5   4   3  11   3   8  24  12  11  18   8   7   0  110 [56.1/0.5]
  ey  19   2   3  15   4  434  1  13   2   2   4   7   3  22   0   0   1  10   3   6   6   6  19   3  11  23   2   6   4   6   4   1   6  17   4   3  30   0   61 [61.8/0.5]
   t  98  37   4  17  38  58  239 41  165 43  21  49  54  20  35  34  77  64  99  48  319 30  32  97  42  35  28  142 27  52  84  31  43  197 86  94  123  0  839 [ 8.8/4.3]
  ae  104 12   5   2   4  89   7 1117 18  18   0  65   9  27   6  31  37  67  15  70  21   3  23  23  58  30  24  12   8  14  32   5  17  36   8   8  39   0  300 [54.1/1.6]
   d  35  33   5   9  42  41  32  17  753 39   7   7  13  19   5   5  12  31  41  15  70  15  10  33  25  43   8  25  16   9  27   6  26  202 69  13  28   0  418 [42.2/1.8]
   m  29  13   4   4  44  15   3  11  15  782 118  5  10  12  10   5   9  14   6   9  13  16  28  12  10  45   4   9  22   3  15   4   8  33  10   3  18   0  219 [57.0/1.0]
   n  100 24  12  17  65  48  11  54  35  201 623 43  31  29  38  43  11  56  32  56  51  13  43  30  47  318 28  27  52  16  42  17  52  102 27  20  66   0  717 [25.1/3.2]
  ay  19   3   1   5   4  14   1  29   2   1   2  440  1   6   3  61   0  14   0  42  10   1   2   6   2   8   1   1   3   4   5   3   8  18   1   1  83   0   86 [54.7/0.6]
   z  20   6   0   0  16  21  26   5   2   2  12   4  756  3   3   3  18   2  36   2  42  140 16  17   6  11   0  45   6  10  16  11   9   3   7  37   7   0  117 [57.3/1.0]
  ih  388 24   4  73  37  270 13  78  31  29  18  18  39  416 17  14  27  149 16  31  49  41  156 21  64  58  53  30  17  15  170  7  75  61  38  16  123  0  749 [15.5/3.9]
   l  70  29   9  72  15  23   9  18  10  28  12  32  14  13  879 61  19  18   3  47  30  20  22  28   9  35  17   7  175 11  16  16  206 26  19  14  211  0  515 [39.2/2.4]
  aa  46  11  10   3  11   3   9  19  13   7   9  43  10   7  46  961  7  90   6  106 19  12  11  22   9   8   6  12  84  13  19   8  91  15   6  10  114  0  641 [51.2/1.6]
  sh   1   0   0   0   1   3   7   2   0   0   1   3   4   0   1   0  630  0  12   1   4  40   2   2   0   2   1  51   0   0   4  14   0   1   1   5   1   0   42 [79.3/0.3]
  er  48   2  31   1   9  10   4  17   6   3   0   7   1   5  10   6   7  893  6  12   7  12  23   7   7  10   4   8   6   4  13   3  23  12   1   6  28   0  113 [71.3/0.6]
  jh   0   0   0   2   1   6   2   2   2   0   2   1   6   2   0   0  20   4  128  1   3   2   5   0   1   4   2  40   1   0   1   1   0   7   2   2   3   0   20 [50.6/0.2]
  aw   0   3   0   0   2   0   0  11   0   0   1   3   1   0   4  14   1   4   1  128  4   0   1   0   0   0   1   1   4   2   0   0  13   2   0   1   3   0   30 [62.4/0.1]
   p  10  75   1   0   5  10  15   6  38   5   2   8   6   1   3   3   2   3  12   3  594  4   2  15   1   2   1  14   9  20  20   9  11  21  28  16   1   0  114 [60.9/0.7]
   s  36  14   1   1   8  18  17   9  15   3  11   8  243  5   6   3  64  13  22   8  12 1571 19  11   3  10   8  95   5   1  16  34  10  19  17  35   5   0  262 [66.1/1.4]
  uw  42   4   4  37  14  96   2   3  25   3   9   2   9  32   9   4   4  21  16   5  15   6  306  7   6  10   9  23  21   3  66   6  17  34   3   5  13   0  183 [34.3/1.0]
   k  42  31   1   5   9  29  33  16  66   8   7  23  40  12   3  14  47  26  37   9  110  4   5  799 14  11  24  79   9  40  74   8  11  162 25  16  14   0  247 [42.9/1.8]
  eh  106  8   3   2   8  50   3  164  9   6   1  15  15   9   5  11   8  29   5  50   9   7  13   3  102  8  12  11   6  13  25   5  26  28  10  10  37   0  265 [12.3/1.3]
  ng   1   4   0   3   5   1   0   1   2  15  16   2   1   0   0   2   1   4   1   3   3   0   4   2   0  252  2   0   2   1   2   0   2  10   0   2   9   0   31 [71.4/0.2]
   y   5   1   0  28   1  17   0   3   5   0   4   1   2   5   2   0  23   5  21   1   4   4   2   3   1   3  462  7   2   1   0   0   4  24   7   8  16   0  115 [68.8/0.4]
  ch   4   1   0   0   0   3   1   3   1   0   0   0   1   0   0   1  19   2  22   0   0   2   1   3   2   0   0  180  0   0   1   1   1   1   0   4   1   0   16 [70.6/0.1]
   w  16  15  19   1   0   2   6   3   5   4   3   3   2   1  10  12   4   6   1   6   3   5   5   6   3   4   5  11  829  5   8  14  17   4   3   4  28   0  152 [77.3/0.4]
  hh   8   1   1   5   3  15   1   3   4   8   6   8   5   8   2   4  36   5   9   3   4   9  11   5   4   5  67  13   5  290  6  12   6  20  12   5   6   0  247 [47.2/0.6]
  uh  30   4   1   4   1  30   1   4   3   2   0   2   3  10   4   2  22  25  11   7   1   0   6   1   1   0   1   2   4   2  109  1  21  22   0   1  11   0  150 [31.2/0.4]
   f   7   3   0   1  31  10   1   7   2   0   0   0   5   1   6   4   5   4   3   2   7   7   1   2   0   3   2  10   4   2   6  672  1   4  10  41   3   0   53 [77.5/0.3]
  ow  20   2   2   0   6   6   1  14   5   1   0   8   3   2  36  21   2  11   0  23   6   3  22   0   4   3   3   0   8   3  13   2  362  8   9   3  13   0  171 [57.9/0.5]
   g   6  16   3   5  11  15   6   4  20  21   2  19   1   9   1  20   1  22   4   8  13   2   4  48   7  17   7   4  12   3  20   2  12  415 13   2   8   0  121 [53.0/0.6]
  dh  18  59   2   5  28   5  14   6  28  38   8   4   6   3   2   3   2   5   4   8  11  14   9  10   4  21  11   5   1   8  10  36  11  33  484 62  13   0  222 [48.8/0.9]
  th   4   1   0   0   4   3   0   4   2   0   1   0   1   1   0   0   2   2   0   1   6   7   2   7   0   1   0   0   2   1   7  14   1   0  24  79   1   0   20 [44.4/0.2]
  oy   2   0   3   0   0   1   0   1   0   5   0   3   1   1   0   7   2   5   0   2   0   0   1   2   1   3   0   1   6   0   1   0   3   2   1   1  229  0    8 [80.6/0.1]
 sil   0   0   0   0   0   0   0   0   0   0   0   0   0   0   0   0   0   0   0   0   0   0   0   0   0   0   0   0   0   0   0   0   0   0   0   0   0 3360   0
Ins  321 168  76  95 186 318 146 190 258 120 104 142 108 109 139 150 166 202 190 154 461 125 134 215  93 202 128 223 190 190 284 139 193 265 254 172 344   0
===================================================================
