====================== HTK Results Analysis =======================
  Date: Sat Oct 17 15:03:57 2020
  Ref : phones0.mlf
  Rec : recout.mlf
------------------------ Overall Results --------------------------
SENT: %Correct=0.00 [H=0, S=1680, N=1680]
WORD: %Corr=37.12, Acc=29.33 [H=21503, D=12121, S=24312, I=4508, N=57936]
------------------------ Confusion Matrix -------------------------
       a   b   r   i   v   e   t   a   d   m   n   a   z   i   l   a   s   e   j   a   p   s   u   k   e   n   y   c   w   h   u   f   o   g   d   t   o   s 
       h           y       y       e               y       h       a   h   r   h   w           w       h   g       h       h   h       w       h   h   y   i 
                                                                                                                                                           l  Del [ %c / %e]
  ah  471 34   5  41  55  28  36  72  44  68  11  63  75  41  83  121  7  117 19  44  42   5  40   6  43  25  39  16  27  10  173 12  115 21  13  16  57   0  861 [22.5/2.8]
   b   0  468  1   4  40   2  15  12  25  17   8   2  16   2   4   7   0  14   9   7  65   1   4   9   0   3   1   6  13   3   8   5   1  12  33   5   1   0  169 [56.9/0.6]
   r  22  64  492 27  86  27  68  47  49  73   8  57  24  18  81  15  20  693 35  46  45   9  37  37  16  28  19  55  43  20  59  19  44  33  18  23  96   0  906 [19.3/3.6]
  iy  26   6   2 1236 40  100 44   5  23  43   5   7  26  69   3   3   3  76  21   7  21  12  222  9  12  62  68  12  17  22  55   2  14  11   6   3  30   0  341 [53.2/1.9]
   v   6  33   4   5  211  6  24  11  11  12   3   5   9   5   4  12   2  12   9   7  24   1   6   2   5   4   0   4  10   3  23  30  14   3  23  16   4   0  175 [37.5/0.6]
  ey   6   6   1  32   4  375  8  15   7  11   0   8   4  41   2   5   1  13   1   4  10   3  15   1  10  27   5   2   3   8  13   0   4   1   2   0  17   0   98 [56.4/0.5]
   t  35  59   8  18  79  34  634 27  259 131 24  42  109 24  60  21  15  66  112 43  96   8  24  32  28  61  12  99  23  47  65  40  28  48  33  30  55   0 1013 [25.1/3.3]
  ae  36  19   3   9  23  71  36 1008 20  31   3  45  12  36  17  25   4  69  16  40  23   8  26   2  108 50  37  10  15  15  56   9  24  17  10   8  22   0  401 [51.3/1.6]
   d  14  68   2   9  48  12  126 20  793 53  11   9  11  18   9   6   4  44  30  15  77  12  30  18  29  39  14  10  16   4  43   3  24  38  58  12  19   0  456 [45.4/1.6]
   m  10  60   0   6  63  11  18  14  36  602 84   9  22   3  15  21   0  32  18   9  49   8  11   6  10  35   4  15  23  14  11   5  10  11  19   5  11   0  310 [47.0/1.2]
   n  47  75   6  34  96  51  82  28  60  246 480 29  42  31  54  38   4  41  36  32  96  18  39  19  60  154 17  27  60  25  71  12  70  27  23  20  41   0  906 [21.0/3.1]
  ay   6   5   0   7   6  11  18  39   6  11   2  416  8   7   4  52   0  15   4  30   6   2   3   1   3  25   2   0   4   3  13   4   9   1   1   1  52   0  114 [53.5/0.6]
   z   5   7   1   2  17   7  11   9  10  11   1   2  833  5   6   5   7  10  69   1  34  88  22  15   4  10   1  30   4   1  14   5   3   2   7  25   3   0  150 [64.7/0.8]
  ih  139 30   7  85  60  58  23  49  66  61   7  24  47  474 20  28   8  128 33  17  55  23  142  8  80  37  35  33  20  21  242  7  65  23  20  26  66   0 1168 [20.9/3.1]
   l  44  39   8  21  28  21  42  13  34  43   8  25  20  12  919 72   7  27   9  25  36  14  23  13  10  26  13   9  90  33  15  22  129 16  26  20  232  0  614 [42.9/2.1]
  aa   9  34   5   9  38   8   8  38  18  23   6  46  17   2  76 1052  2  66   3  70  22   5  12   8   8  10   7  14  58   6  20   8  49  11   9   8  97   0  635 [55.9/1.4]
  sh   1   5   0   1   4   1   8   2   8   3   0   1  18   2   1   2  468  2  27   0   8  29   8   3   0   1   2  93   1   3   3   3   2   1   0   1   5   0  119 [65.3/0.4]
  er  16  10  26   4  15   8  13  13  12  10   3  13   4  10  26   9   4  839  8  11   7   0  15   1   7   6   4  11  10   3  37   7  24   1   1   3  16   0  158 [69.5/0.6]
  jh   0   1   0   0   3   1   3   1   9   0   0   2   8   0   3   0   5   4  122  2   9   1   4   0   0   6   1  29   1   1   8   0   3   1   1   2   1   0   41 [52.6/0.2]
  aw   1   5   0   0   2   1   2  13   0   3   3   3   3   0   7  19   0  13   2  84   1   0   0   0   0   1   3   0   7   0   1   0   7   0   1   2   1   0   50 [45.4/0.2]
   p  10  82   1   1  35   3  20   3  49  12   0   8  16   4   4   8   2  10  16   7  488  2   4  13   3   4   1   9   8  14   7   8   4   4  16   3   6   0  205 [55.1/0.7]
   s   8  13   1  10  21  16   8  23  32  14   4   7  355  8   7  19  25  18  51  11  25 1125 28   8  13  16   5  81  23   1  51  16  11   7  10  49  20   0  498 [52.6/1.8]
  uw  16   4   1  36  12  13   5   4  25  12   4   5  18  43   5   3   1  34  25   2  18   1  397  2   1  16   4  15  12  10  57   3  18  10   4   1  13   0  224 [46.7/0.8]
   k  33  28   3  12  48  18  64  35  139 54   8  21  101 12   7   7  12  28  55  11  99  10  17  419  8  98  16  43  17  26  47  10  15  111 15  11  19   0  433 [25.0/2.2]
  eh  27  18   2   9  14  23  14  80  20  11   6  21  11  17   7  19   1  39   8  39  12   4   8   4  219 16   6  11  10   2  36   3  47   4   6   6  26   0  291 [27.2/1.0]
  ng   3   3   0  11  11   3   3   2   2  33  10   3   0   0   5   1   0   5   4   2  10   0   9   3   1  168  3   1   7   2   0   1   4   4   2   1   5   0   62 [52.2/0.3]
   y   4   9   1  17   6   9  14   0  19  12   1   2   3   3   3   0  11   4  31   2   5   1  11   1   7   5  340 13   2   9   2   0   0   5   8   2  20   0  205 [58.4/0.4]
  ch   1   2   0   2   4   0   0   4   4   2   2   1   5   1   0   0  17   4  29   2   3   4   1   1   1   3   0  136  1   2   6   0   0   1   0   1   1   0   30 [56.4/0.2]
   w   4  22   8   2  19   4   5   3   4  12   4   2   7   0   3   7   3   6   4   2  16   3   3   1   3   7   2  11  804  2   3   6   6   2   2   3  67   0  163 [75.7/0.4]
  hh   7  18   2   4  17   8  13   5   6  22   3   5  10   5   9   7   8  11  12   4  20   3  17   7  30   5  32  10   4  199  7  12  16   8  11  10   6   0  289 [34.7/0.6]
  uh   7   6   0   5   4   3  13   2   1   8   0   2   3  18   4   4   5  24   4   3   2   1   3   2   3   7   4   0   4   3  174  1   9   4   1   0   5   0  160 [51.3/0.3]
   f   4   5   0   0  40   5   6   4   4   4   1   1  11   3   2   7   6  11   7   1  16   4   3   4   3   7   0   3   3   0   8  556  3   1  13  40   1   0  133 [70.6/0.4]
  ow   3   6   1   4   5   3   1  11  11   6   2  13  13   4  40  20   2  22   2  25   9   5   6   2  14   0   2   2   8   1  11   3  359  3   3   0   7   0  167 [57.1/0.5]
   g   7  28   2  11  33   9  48   8  34  49   4  15   3   7   6   4   0  14   4   8  40   3  18  34   7  54  18   2  11   3  13   1   8  181 16   3   6   0  192 [25.4/0.9]
  dh  11  84   0   7  74   1  18   9  30  30  11   3   7   4  11   8   0  12   7  11  47   4   6   5  13  14   4   3   7   2  24  16  12   8  317 47  14   0  332 [36.0/1.0]
  th   3   1   0   2  14   2   4   2   9   4   1   2   7   1   1   2   0   1   1   0   7   1   2   2   1   0   0   1   2   2   4   8   1   1  14  55   1   0   39 [34.6/0.2]
  oy   2   1   0   0   1   4   1   0   2   2   1   3   0   0   1   2   0   4   0   3   1   0   1   0   0   3   1   0   4   1   2   0   9   0   0   1  229  0   13 [82.1/0.1]
 sil   0   0   0   0   0   0   0   0   0   0   0   0   0   0   0   0   0   0   0   0   0   0   0   0   0   0   0   0   0   0   0   0   0   0   0   0   0 3360   0
Ins   78 195  29  83 207  99 166 139 207 224  77  90 116 107 121 129  14 161 133 109 198  47 111  53  85 224  61  72 151  92 256  53 132  62  84  69 274   0
===================================================================
