====================== HTK Results Analysis =======================
  Date: Sat Oct 17 15:09:28 2020
  Ref : phones0.mlf
  Rec : recout.mlf
------------------------ Overall Results --------------------------
SENT: %Correct=0.00 [H=0, S=1680, N=1680]
WORD: %Corr=41.69, Acc=30.65 [H=24151, D=9199, S=24586, I=6391, N=57936]
------------------------ Confusion Matrix -------------------------
       a   b   r   i   v   e   t   a   d   m   n   a   z   i   l   a   s   e   j   a   p   s   u   k   e   n   y   c   w   h   u   f   o   g   d   t   o   s 
       h           y       y       e               y       h       a   h   r   h   w           w       h   g       h       h   h       w       h   h   y   i 
                                                                                                                                                           l  Del [ %c / %e]
  ah  955 11   6  39  24  29   6  91  40  21   2  69  20  55  31  104 10  82  10  57  30  13  117 22  12  31  27  13  20  20  167  3  162 19  20  21  93   0  504 [38.9/2.6]
   b  18  437  0   2  12   2   1   9  78  16   4   7   1   0   1   8   1   7   1   3  59   0   2   6   5  10   2   3   7   0   6  11  11  29  77   2   5   0  149 [51.8/0.7]
   r  108 11  666 12  48  31   3  37  64  33  10  67  13  49  33  12  73  702 12  51  52  13  47  59  13  26  23  45  38  37  84  34  38  48  54  30  115  0  668 [23.9/3.7]
  iy  55   1   7 1230 11  155  3   4  16  13  14   9  12  73   4   6  27  97   9   6   7   9  43  24   4  90  151 19   9  10  20   3  10  26   6  11  157  0  313 [52.3/1.9]
   v   9  11   7   2  349  4   2  15   7   4   2   2   3   3   9   3   4   3   3  10  16   2  14   6   3   6   5   3  13   8   4  15   8  10  11  39   5   0  118 [56.3/0.5]
  ey  21   0   0  43   5  382  2  16   3   3   3   7   0  13   0   0   3   8   2   6   4   9  19   5  27  34   7   4   5   4   8   0   4   4   4   3  34   0   71 [55.2/0.5]
   t  92  25   9  24  36  43  144 54  308 56   9  36  52  25  19  41  68  60  38  42  252 29  29  168 39  57  19  151 35  65  59  31  55  164 83  54  137  0  934 [ 5.5/4.3]
  ae  83   3   4   4   9  73   4 1132 36  17   0  68   5  39   6  24  24  69   2  71  16   4  24  23  33  48  29  12  13  11  24   6  17  24  15   4  41   0  347 [56.1/1.5]
   d  50  24   5   8  26  28   9  13  817 40   6  12  12  28   2   9  10  28  17   9  45  15  20  45  20  58  11  17  20  10  18   3  22  189 71  20  19   0  448 [46.5/1.6]
   m  23   4   7   6  49  12   2  16  16  821 82   5  13   8  13   5   2  14   0  17  11   7  33  16   6  53   4   5  26   4  10   2  12  21  27   6  20   0  212 [59.6/1.0]
   n  96  19   6  21  48  43   7  52  48  259 567 45  26  30  49  47   7  43  12  44  43  14  61  43  24  375 32  16  50  19  43  15  41  55  50  29  83   0  735 [23.0/3.3]
  ay  17   3   1   8   2   7   0  26   3   6   0  461  3   4   4  68   0  12   0  42   7   4   4   8   2  11   2   1   5   2   1   3   4   6   4   3  90   0   67 [55.9/0.6]
   z  19   5   0   3  15   6   4   2   2   3   4   4  807  5   4   1  26   0  29   2  22  138 16  30   1   9   2  42   7  15   5   9   7   0   3  71  10   0  109 [60.8/0.9]
  ih  397  4   4  96  23  133  7  67  34  29  11  23  47  593 10  10  23  140 10  22  42  18  231 36  46  52  56  16  14   9  114  9  53  40  28  30  170  0  788 [22.4/3.5]
   l  58  11  12  66  13  15   5  15  35  25   6  35  12   9  882 56  10  14   3  37  21  20  19  28   5  20  22   2  225 14  23  22  238 20  18  21  235  0  486 [38.8/2.4]
  aa  48   8  30   1   4   8   5  20  10   8   4  66  10   4  42  933 14  99   9  93  16  11  13  27   3  15   4   5  93  15  15   7  86  19  15  15  120  0  622 [49.2/1.7]
  sh   3   0   0   1   2   0   0   1   0   0   0   2   9   3   0   0  638  0  15   0   1  47   3  10   1   0   1  32   1   3   1  13   1   1   0   3   1   0   43 [80.5/0.3]
  er  53   1  47   0  10   6   2  21   8   5   0  11   3   6   4   8   6  857  3  20   5   7  30  24   8   9   1   6   5   3  11   3   8   9   2   7  30   0  126 [69.2/0.7]
  jh   3   0   0   2   1   0   1   1  10   0   0   2   5   3   0   0  34   2  117  0   0   5   4   7   2   4   2  28   2   2   1   1   1   5   1   4   4   0   19 [46.1/0.2]
  aw   1   1   0   0   0   1   0   7   1   1   1   4   0   2   5  15   0   6   0  120  3   1   1   0   0   1   1   1   3   0   0   2  14   0   2   1   0   0   40 [61.5/0.1]
   p   5  25   0   0   5   5   4   5  51   4   0   5   6   2   4   4   1   1   5   3  671  7   2  20   1   2   1   7  18  15  12   8  21  21  37  15   4   0   93 [67.3/0.6]
   s  27   5   1   1   4   8   2  12  18   6  10   6  277  9   5   4  61  13  21   4  15 1538 25  30   4   9  10  78   9   4  14  40   8  10  18  62   7   0  263 [64.8/1.4]
  uw  73   1   4  56   4  42   1   8  42   5   3   1   6  35  11   2   9  29   1   3   8   9  340 10   8   7   4  21  26   3  46   7  14  16   3   4  14   0  198 [38.8/0.9]
   k  27   6   0   6   8  25  25   5  105  5   6  20  29  15   4   9  51  26   8   5  89   5   3 1018  5  23  23  49   6  24  46  11  16  119 24  34  16   0  214 [53.7/1.5]
  eh  123  1   4   5   8  34   0  173 20   7   2  16   8  21   5  11   9  31   1  38   7   5  25  14  67  20  12  11   5   6  24   6  33  15  23   4  49   0  254 [ 7.9/1.3]
  ng   5   4   0   2   2   1   1   1   1  23  12   2   1   0   0   2   0   1   0   3   3   2   4   2   0  251  2   0   3   2   3   0   3   5   1   2   7   0   33 [71.5/0.2]
   y   9   0   0  25   4  14   0   4   7   1   4   3   6  14   2   0  21   5   4   3   3   4   4   3   5   2  455  5   2   0   2   1   1  23   0   5  14   0  132 [69.5/0.3]
  ch   3   1   0   1   2   0   0   2   5   0   1   2   1   0   1   0  21   1  14   0   2   5   0   5   0   0   0  182  1   0   0   1   0   4   0   1   0   0   15 [71.1/0.1]
   w  13   9  13   1   3   0   4   3   2   2   6   4   0   1  26   8   3   2   0   5   5   6   6   8   2   7   6   2  834  7   4  11  25   1  12   3  34   0  147 [77.4/0.4]
  hh   6   1   3   7   8   7   0   4  14   7   6   4   3   4   1   1  41   3   9   3   5  12   8   5   5   9  68   9   2  264  7   8   9  21  11  14  13   0  260 [43.9/0.6]
  uh  34   0   5   3   1   5   1   7   7   1   1   2   2  15   4   4  19  16  14   2   5   0   3   1   5   1   3   4   5   0  68   1  18  26   0   2  14   0  200 [22.7/0.4]
   f   4   2   0   1  10   6   1   7   3   1   0   2   4   2   0   3   5   7   5   1   8   9   5   2   2   3   0   6   8   7   5  623  3   1  14  92   6   0   62 [72.6/0.4]
  ow  31   1   2   1   1   1   0   8   5   1   0   4   6   4  43  23   1  11   0  29   6   2  28   3   3   4   1   0  15   5  20   4  340  4  18   2  22   0  147 [52.4/0.5]
   g   8  14   3   6   9  11   5   2  52  19   3  11   0   5   3   9   1  16   3   8  15   1   4  60   7  27   7   1  12   2  19   3  10  424 11   3  11   0   99 [52.7/0.7]
  dh  16  27   5   7  45   3   3   8  56  35   6   0   5   2   3   5   8   3   1   6  36   7  12   8   2  18  12   4   3   2   6  24  13  28  483 47  18   0  246 [49.9/0.8]
  th   2   1   0   1   2   0   1   2   6   1   0   1   3   0   0   0   0   2   0   0   4   4   1   8   0   1   1   0   0   1   3  13   0   2  15  91   1   0   31 [54.5/0.1]
  oy   1   0   3   0   0   0   0   1   0   2   0   6   0   1   0   9   1   7   0   2   0   0   2   4   3   2   0   1   2   1   0   0   3   0   0   1  234  0    6 [81.8/0.1]
 sil   0   0   0   0   0   0   0   0   0   0   0   0   0   0   0   0   0   0   0   0   0   0   0   0   0   0   0   0   0   0   0   0   0   0   0   0   0 3360   0
Ins  328  74  83 112 127 177  60 143 335 131  86 160  98 103 108 140 138 163  80 140 347 135 116 383  92 189 127 213 175 160 231 141 192 203 301 235 365   0
===================================================================
