====================== HTK Results Analysis =======================
  Date: Sat Oct 17 15:06:22 2020
  Ref : phones0.mlf
  Rec : recout.mlf
------------------------ Overall Results --------------------------
SENT: %Correct=0.00 [H=0, S=1680, N=1680]
WORD: %Corr=41.49, Acc=31.27 [H=24039, D=9212, S=24685, I=5923, N=57936]
------------------------ Confusion Matrix -------------------------
       a   b   r   i   v   e   t   a   d   m   n   a   z   i   l   a   s   e   j   a   p   s   u   k   e   n   y   c   w   h   u   f   o   g   d   t   o   s 
       h           y       y       e               y       h       a   h   r   h   w           w       h   g       h       h   h       w       h   h   y   i 
                                                                                                                                                           l  Del [ %c / %e]
  ah 1051 33   4  48  22  22  14  76  24  36  15  81  17  39  107 76   9  151 13  60  24  11  65  12  56  25  17  15  19  12  79   8  69  35   8  13  60   0  530 [43.3/2.4]
   b   5  602  0   3   2   2   4   8  105  7   2   3   4   1   9   9   0  14   5   3  24   2   5  13   1   6   2   6   6   2   7   5   5   9   6   3   3   0   99 [67.4/0.5]
   r  74  75  641  7  45  16  23  24  42  56  20  57  12  17  51  17  56  818 30  42  28  18  47  77  13  20  31  55  42  22  28  17  51  60  17  17  74   0  719 [23.4/3.6]
  iy  30  19   5 1169 16  88  10   7  24  31  40   8  26  115  1   5  11  110 17   6  14  15  251 10  13  75  83  14   7   7  51   0   8  24   2   6  69   0  277 [49.0/2.1]
   v   8  17  11   4  284  7   6   8  14  10   1   9   2   5  17   8   0   8   8   8  14   4   6   9   6   2   1   5  14   5  18  38   8   3   8  16   3   0  143 [47.7/0.5]
  ey  21   3   3  29   4  361  1  13   5   3   5   6   2  23   1   1   2  10   6   6   3   7  23   1  12  43   1   1   2   4  64   1   3   1   1   2  21   0   68 [51.9/0.6]
   t  73  136 12  14  59  33  635 54  254 75  40  46  45  23  83  25  48  48  91  41  124 19  29  96  39  36  28  103 19  25  58  20  29  105 46  46  79   0  806 [23.2/3.6]
  ae  82  20   0   2   6  63  13  992 17  23   4  80   8  29  13  10  21  103 16  89  11  10  26  10  74  34  30  10   8  15  100  3  16  26   3  10  18   0  369 [49.7/1.7]
   d  41  70   3   8  27  14  66  13  977 42  14  11  13  11  11   4  18  34  27  11  36  15  18  60  17  41   8  26  15   5  44   2  10  53  16  11  11   0  401 [54.2/1.4]
   m  17  26   8   3  47   9  12   8  22  758 152  6   8   8  16  16   3  15   7   5  13  14  17  10  18  45  10  14  19   5   9   2   6  22   7   5   7   0  221 [55.4/1.1]
   n  75  39  10  13  43  38  25  28  45  288 866 39  17  19  71  31   6  49  10  38  24  15  46  37  64  283 24  26  41  12  48   7  74  32  13   8  48   0  645 [33.9/2.9]
  ay  15   4   2   5   1   3   1  19   1   5   9  486  1   5   6  54   0  25   0  44   6   1   1   3   6  15   3   0   8   6   9   0   6   2   0   2  65   0   72 [59.3/0.6]
   z  18  11   0   5  19  10  22   7   7   3  36   2  711  6   3   6  14   6  52   2  82  125 25   7   2   2   2  41   3   4   8  11   5   6  10  35  12   0  117 [53.9/1.1]
  ih  450 41   5  76  32  98   6  50  59  26  17  31  42  334 15  16  23  230 24  28  23  42  241 17  69  43  53  37  27  13  214 12  37  45   9  27  102  0  821 [12.8/3.9]
   l  72  16  19  71  16   9   3   9  16  27  18  34  14  19 1153 90   5  22  12  33  24  17  11  28   2  29  13   6  170  5  11  12  109 18   6  10  189  0  440 [49.7/2.0]
  aa  32  33   6   7   7   2   6  23  13  15   6  80   8   3  90  861 12  88   6  109 29   4   9  22  12  13   7  23  75   9   8   6  119 16   3  12  95   0  648 [46.1/1.7]
  sh   2   1   0   1   1   1   1   4   3   0   2   6   5   1   4   0  566  7  19   0  22  41   7   0   1   4   0  71   0   0   1   2   0   3   0   0   5   0   55 [72.5/0.4]
  er  44  15  26   4   5   5   1  15   5   3   1   8   0   4  10   8   8  970  3  10   2   8  26  11   8   3   4   7   4   3  11   4  14  11   0   0  16   0   88 [76.0/0.5]
  jh   3   2   0   2   4   0   4   1   4   2   1   4   8   0   0   0  19   2  126  1   0   3  12   1   1   1   0  42   0   0   0   0   1   3   1   3   4   0   18 [49.4/0.2]
  aw   3   4   1   0   1   0   1  11   3   0   0   6   2   1  17  11   0   7   1  115  0   0   0   3   5   0   0   2   1   1   0   0   6   1   0   0   2   0   30 [56.1/0.2]
   p  15  160  1   2   9   5  35  11  77   3   7  10   7   1   9  14   5  10  14  13  327  1   9  25   7   8   0  17   6  25   6   9   9  21  27  11   2   0  172 [35.6/1.0]
   s  30  18   1   3   4   8  22  15  17   6  11   8  222  4  12   8  47  16  33   5  24 1574 18   6   9   7   4  92   1   4  16  22  10  11  12  31  11   0  296 [67.2/1.3]
  uw  40   7   4  47  12  15   2   4  21   6  10   4   4  27  11   2   4  40  22   6   3   5  477  4   2   9   6   6  13   2  26   2  17  26   2   0   4   0  182 [53.5/0.7]
   k  33  35   2  11  11  20  70  13  85   9  19  16  39  17   9  10  50  40  56  11  71  10  14  675  8  55  23  47   5  24  24   4  10  217  5  15  16   0  331 [37.9/1.9]
  eh  92   9   4   3   5  21   3  126 28   4   3  40   7   7   3  24   5  59   4  29   7   4  15   9  191  9  10  13   2   9  48   4  24  10   3   6  14   0  243 [22.4/1.1]
  ng   3   4   0   1   5   2   1   1   1  17  27   2   0   0   5   3   0   4   1   0   3   2   2   6   0  238  4   0   2   1   1   0   5   1   1   1   5   0   35 [68.2/0.2]
   y   2   4   1  24   2  10   4   1  17   1  10   2   1   3   1   1  24  10  19   2   2   5  22   3   8   3  411 16   2   1   3   1   3   8   1   0  11   0  148 [64.3/0.4]
  ch   3   0   0   1   2   0   4   2   0   0   0   2   3   0   0   0  25   2  28   1   4   4   3   2   4   0   1  154  1   3   1   3   0   3   0   1   1   0   13 [59.7/0.2]
   w   9  19  20   0   3   1   2   2   1   1   3   2   3   0   6  11   4   4   2   5  22   2   2   4   1   5   4  17  912  2   4   9  13   7   1   1  15   0  106 [81.5/0.4]
  hh   8   8   3   7   2   8   1   5  12  12   3   9   2   7   9   2  29  10   6   7  17   7  14  10  18   5  59   8   6  248  5  10  10   9   2   8   6   0  270 [41.9/0.6]
  uh  26  10   2   4   1   2   1   1   3   2   0   3   1   7   7   6  12  28   6   2   2   3  28   0   1   3   1   4   9   2  150  0   9   8   0   3   3   0  149 [42.9/0.3]
   f   7   4   0   4  21   5   7   6   1   1   0   4   4   2   4   2   5   6   6   3   6   6   4   3   2   3   2   7   4   1   2  653  4   3  14  46   2   0   66 [76.5/0.3]
  ow  31  12   2   2   3   2   2   9   3   1   4   6   8   0  72  26   2  18   1  20   1   7  19   2  13   3   1   3  12   0  13   0  319  4   1   3  14   0  157 [49.9/0.6]
   g   6  34   2   4   8   5  11   9  57  23   6   9   0   4   6   5   0  19   7   5  12   1  12  164  3  33  15   2   5   3  14   0  13  271  4   6   5   0  121 [34.6/0.9]
  dh  31  142  3   8  30   7   8   5  79  39  12   6   8   6   9   2   2   6   3   8  45  13   9  30  14  21  11   3   7  10  15  32   8  14  155 98  12   0  302 [17.0/1.3]
  th   4  11   0   0   3   0   4   0   7   1   3   1   3   0   0   2   1   1   0   0   4   6   2   1   1   2   0   2   1   2   2  12   1   4  14  65   1   0   37 [40.4/0.2]
  oy   3   1   0   1   0   3   0   0   0   8   0   5   0   1   0  10   0   5   0   1   2   0   1   2   6   1   1   1   9   0   5   0   8   0   0   0  201  0   17 [73.1/0.1]
 sil   0   0   0   0   0   0   0   0   0   0   0   0   0   0   0   0   0   0   0   0   0   0   0   0   0   0   0   0   0   0   0   0   0   0   0   0   0 3360   0
Ins  316 328  65  79 161 110 102 145 238 136 173 164  78  73 297 202 135 202 150 125 326 144 189 136 123 187  85 108 193  97 201  71 204 159  50  89 282   0
===================================================================
